-2.00 -1.00 -1.00 -4.00 -5.00 -2.00 -1.00 0.00
0.00 0.00 0.00 0.00 -6.00 -6.00 -3.00 -3.00
-1.00 -2.00 -4.00 -6.00 -7.00 -2.00 0.00 0.00
1.00 0.00 2.00 12.00 -1.00 -6.00 0.00 -1.00
-1.00 0.00 -5.00 -15.00 5.00 1.00 0.00 -1.00
-1.00 0.00 -3.00 -6.00 1.00 5.00 0.00 1.00
0.00 0.00 0.00 6.00 2.00 -4.00 -1.00 -1.00
0.00 1.00 3.00 -2.00 1.00 3.00 2.00 -1.00
1.00 0.00 -1.00 -1.00 17.00 2.00 0.00 1.00
0.00 -1.00 0.00 7.00 -15.00 -2.00 -1.00 -1.00
-1.00 0.00 -3.00 -12.00 -2.00 1.00 -1.00 0.00
0.00 0.00 -1.00 -5.00 8.00 -1.00 -1.00 -1.00
0.00 -1.00 0.00 -1.00 -9.00 -2.00 -1.00 -2.00
-1.00 -2.00 -5.00 -11.00 -6.00 -4.00 -2.00 0.00
-2.00 1.00 -2.00 2.00 -8.00 5.00 3.00 1.00
1.00 0.00 1.00 39.00 9.00 -2.00 0.00 1.00
-12.00 0.00 7.00 47.00 7.00 -3.00 0.00 0.00
1.00 -2.00 0.00 -20.00 -5.00 -2.00 -5.00 -1.00
-21.00 -6.00 -3.00 48.00 -17.00 -11.00 -7.00 -8.00
-8.00 9.00 5.00 -41.00 -43.00 -14.00 1.00 0.00
4.00 -9.00 -6.00 23.00 16.00 -1.00 0.00 -4.00
7.00 -3.00 6.00 14.00 70.00 22.00 8.00 39.00
7.00 1.00 38.00 -8.00 51.00 -7.00 -26.00 -78.00
-17.00 -6.00 -16.00 63.00 -27.00 -14.00 -29.00 -66.00
-84.00 -40.00 -7.00 109.00 -32.00 -16.00 -18.00 0.00
33.00 8.00 -1.00 -93.00 -46.00 3.00 8.00 12.00
-15.00 -19.00 -18.00 15.00 26.00 -69.00 -37.00 -59.00
-10.00 5.00 8.00 -54.00 20.00 8.00 14.00 -11.00
-4.00 -3.00 2.00 -109.00 -18.00 16.00 -8.00 3.00
-13.00 -10.00 -6.00 35.00 -18.00 -8.00 1.00 -2.00
18.00 3.00 3.00 8.00 -14.00 -7.00 0.00 4.00
1.00 0.00 6.00 17.00 1.00 7.00 3.00 1.00
5.00 2.00 2.00 -4.00 0.00 5.00 1.00 3.00
0.00 -1.00 -6.00 -20.00 -4.00 3.00 1.00 4.00
-3.00 -1.00 1.00 12.00 2.00 4.00 2.00 1.00
1.00 0.00 -1.00 -8.00 -8.00 0.00 1.00 1.00
1.00 -1.00 2.00 45.00 1.00 3.00 3.00 1.00
1.00 0.00 0.00 -11.00 9.00 2.00 -1.00 0.00
0.00 -1.00 -4.00 -15.00 5.00 6.00 -1.00 -2.00
-1.00 -2.00 -2.00 -12.00 1.00 -3.00 -1.00 -2.00
-1.00 0.00 1.00 -5.00 -11.00 -3.00 3.00 4.00
-1.00 2.00 1.00 -21.00 7.00 2.00 -2.00 -1.00
-3.00 -2.00 -1.00 10.00 -5.00 -2.00 -2.00 -2.00
0.00 -1.00 3.00 20.00 17.00 4.00 1.00 -2.00
-2.00 -1.00 -3.00 2.00 -5.00 -4.00 -1.00 0.00
0.00 -1.00 -1.00 11.00 -2.00 -2.00 -2.00 -2.00
1.00 1.00 1.00 11.00 7.00 -1.00 2.00 1.00
0.00 0.00 0.00 -15.00 6.00 2.00 0.00 -1.00
0.00 -1.00 0.00 5.00 -15.00 -1.00 0.00 -1.00
-2.00 -1.00 2.00 7.00 2.00 0.00 0.00 -2.00
-1.00 -3.00 -1.00 27.00 0.00 -4.00 -3.00 -2.00
-1.00 -2.00 -5.00 2.00 6.00 -4.00 0.00 -3.00
0.00 -1.00 2.00 29.00 7.00 1.00 0.00 -1.00
-2.00 -3.00 0.00 5.00 -1.00 1.00 0.00 -1.00
1.00 -2.00 -2.00 9.00 6.00 -1.00 0.00 1.00
-3.00 -1.00 -3.00 6.00 -2.00 -1.00 -1.00 -2.00
0.00 -1.00 -2.00 -2.00 0.00 4.00 3.00 1.00
-2.00 -2.00 0.00 -2.00 1.00 -3.00 0.00 -2.00
1.00 -1.00 2.00 -6.00 -2.00 0.00 1.00 0.00
-3.00 -1.00 -3.00 -7.00 -5.00 -2.00 0.00 -3.00
1.00 0.00 3.00 2.00 -5.00 -1.00 0.00 -3.00
