0.00 0.00 -1.00 -13.00 -20.00 -1.00 -2.00 1.00
0.00 0.00 1.00 -1.00 3.00 -1.00 -1.00 -3.00
1.00 2.00 1.00 -6.00 1.00 5.00 5.00 1.00
0.00 -1.00 -3.00 1.00 6.00 -6.00 -6.00 -1.00
1.00 0.00 4.00 11.00 16.00 11.00 1.00 3.00
-3.00 -4.00 0.00 8.00 -12.00 -5.00 1.00 -8.00
8.00 6.00 -4.00 -50.00 -20.00 -3.00 -3.00 0.00
-16.00 5.00 -1.00 -53.00 0.00 8.00 -1.00 37.00
4.00 5.00 2.00 4.00 16.00 -6.00 5.00 1.00
-33.00 -10.00 -6.00 16.00 103.00 8.00 -17.00 -112.00
-15.00 -15.00 -11.00 62.00 -60.00 -8.00 2.00 8.00
-9.00 8.00 -14.00 -59.00 -33.00 -5.00 10.00 29.00
9.00 -2.00 -2.00 -1.00 5.00 -3.00 -2.00 -3.00
-4.00 -2.00 -1.00 33.00 -8.00 3.00 2.00 -3.00
-6.00 -3.00 -3.00 3.00 -2.00 -7.00 1.00 -1.00
-3.00 -1.00 -1.00 -13.00 -2.00 -1.00 -1.00 -2.00
-14.00 8.00 5.00 9.00 7.00 1.00 -2.00 -6.00
2.00 0.00 0.00 1.00 -3.00 -2.00 -2.00 -1.00
-16.00 -4.00 4.00 45.00 4.00 0.00 1.00 3.00
1.00 -3.00 -1.00 -2.00 -16.00 -1.00 0.00 -1.00
3.00 -1.00 2.00 -11.00 -4.00 -1.00 0.00 1.00
-1.00 -1.00 0.00 10.00 18.00 3.00 -2.00 -2.00
-1.00 -1.00 -1.00 -4.00 -5.00 0.00 -2.00 -3.00
3.00 0.00 0.00 -25.00 2.00 -1.00 4.00 0.00
-1.00 0.00 1.00 -6.00 -8.00 -1.00 0.00 0.00
-2.00 -2.00 -2.00 13.00 -8.00 -3.00 -1.00 -1.00
