-2.00 0.00 -9.00 1.00 5.00 -5.00 -4.00 -5.00
-2.00 -1.00 2.00 24.00 2.00 -1.00 -4.00 2.00
0.00 -2.00 -2.00 10.00 2.00 0.00 0.00 3.00
-1.00 -2.00 2.00 -11.00 -4.00 -1.00 -2.00 -4.00
-1.00 2.00 1.00 -3.00 1.00 -3.00 -2.00 -2.00
-1.00 2.00 9.00 5.00 2.00 2.00 9.00 6.00
2.00 0.00 -4.00 11.00 2.00 2.00 -2.00 -3.00
-1.00 -3.00 3.00 5.00 1.00 -1.00 0.00 -4.00
-9.00 -4.00 -5.00 -64.00 -23.00 -6.00 -4.00 9.00
0.00 1.00 5.00 21.00 10.00 2.00 2.00 -6.00
-5.00 -6.00 -1.00 69.00 5.00 -10.00 -3.00 -8.00
11.00 -1.00 -4.00 4.00 -6.00 0.00 -22.00 -21.00
5.00 7.00 13.00 29.00 1.00 10.00 6.00 13.00
5.00 14.00 -5.00 -72.00 -8.00 5.00 1.00 -5.00
3.00 -2.00 5.00 35.00 -4.00 2.00 3.00 5.00
8.00 -2.00 0.00 -29.00 8.00 0.00 4.00 -4.00
3.00 3.00 -1.00 -6.00 -59.00 -36.00 3.00 7.00
-17.00 -10.00 10.00 -27.00 73.00 34.00 -8.00 -63.00
5.00 -11.00 -25.00 9.00 -32.00 -10.00 -8.00 67.00
4.00 3.00 36.00 92.00 9.00 45.00 14.00 8.00
10.00 -5.00 8.00 127.00 21.00 6.00 28.00 -21.00
-48.00 0.00 2.00 -7.00 2.00 9.00 -12.00 -13.00
13.00 -1.00 -4.00 15.00 50.00 12.00 -8.00 -44.00
30.00 2.00 1.00 22.00 0.00 9.00 4.00 14.00
74.00 -10.00 12.00 90.00 34.00 0.00 -5.00 -13.00
-10.00 5.00 -7.00 -48.00 4.00 12.00 -9.00 9.00
15.00 5.00 8.00 40.00 -35.00 0.00 -3.00 8.00
-5.00 2.00 7.00 55.00 3.00 -5.00 -12.00 -7.00
-11.00 2.00 3.00 -14.00 1.00 3.00 -4.00 -12.00
-4.00 -1.00 -1.00 20.00 11.00 1.00 1.00 8.00
-10.00 -10.00 -5.00 13.00 -7.00 0.00 -11.00 -7.00
1.00 1.00 -5.00 -5.00 -9.00 -8.00 4.00 5.00
0.00 1.00 6.00 3.00 3.00 -2.00 -8.00 5.00
-1.00 1.00 -3.00 -10.00 7.00 -1.00 -2.00 -2.00
-1.00 -2.00 -1.00 -3.00 -9.00 -3.00 1.00 2.00
0.00 1.00 9.00 0.00 0.00 0.00 -8.00 -1.00
1.00 3.00 -2.00 14.00 3.00 -2.00 0.00 -1.00
0.00 0.00 1.00 -20.00 0.00 2.00 -2.00 -4.00
-1.00 1.00 20.00 1.00 6.00 2.00 8.00 -10.00
1.00 0.00 -7.00 -9.00 -4.00 -5.00 -1.00 3.00
0.00 -2.00 -5.00 12.00 7.00 0.00 1.00 1.00
