-1.00 -3.00 0.00 0.00 5.00 -7.00 -4.00 -1.00
-1.00 -1.00 2.00 -2.00 4.00 0.00 -2.00 0.00
0.00 3.00 10.00 28.00 -8.00 -3.00 1.00 2.00
-27.00 -5.00 -1.00 -13.00 -14.00 -1.00 3.00 8.00
31.00 1.00 -24.00 -3.00 51.00 16.00 10.00 -8.00
-3.00 0.00 -6.00 -70.00 -91.00 -46.00 -13.00 -49.00
-14.00 -1.00 -22.00 -32.00 19.00 34.00 -25.00 -63.00
25.00 17.00 18.00 38.00 30.00 19.00 -7.00 -10.00
-30.00 -19.00 -3.00 -75.00 -40.00 -7.00 -27.00 -52.00
25.00 1.00 -4.00 37.00 -2.00 -14.00 6.00 4.00
4.00 -3.00 -16.00 7.00 4.00 -40.00 -4.00 20.00
-36.00 -5.00 -39.00 -99.00 -50.00 -13.00 -7.00 9.00
26.00 1.00 -4.00 -37.00 10.00 13.00 7.00 -13.00
-29.00 -3.00 17.00 60.00 17.00 -5.00 7.00 -10.00
2.00 2.00 5.00 22.00 25.00 11.00 -5.00 -2.00
-2.00 -1.00 1.00 46.00 17.00 1.00 6.00 -2.00
19.00 0.00 1.00 -30.00 -14.00 -3.00 2.00 8.00
-3.00 -1.00 -1.00 -13.00 1.00 3.00 -5.00 -7.00
-4.00 -1.00 -5.00 0.00 9.00 4.00 -3.00 -8.00
-1.00 -2.00 -8.00 -8.00 -8.00 0.00 -3.00 -14.00
-5.00 -3.00 -8.00 -10.00 -13.00 -8.00 -5.00 -8.00
-2.00 3.00 5.00 -4.00 0.00 0.00 -6.00 -21.00
0.00 2.00 16.00 25.00 3.00 3.00 8.00 -3.00
-2.00 -4.00 -7.00 -8.00 -3.00 4.00 -7.00 -8.00
-3.00 -4.00 -3.00 -6.00 -9.00 -4.00 -2.00 1.00
1.00 -1.00 4.00 -4.00 0.00 -3.00 2.00 -2.00
