-1.00 -1.00 0.00 -4.00 -9.00 -3.00 -2.00 -1.00
1.00 1.00 2.00 -14.00 -11.00 1.00 -1.00 2.00
-1.00 -1.00 2.00 6.00 -10.00 -4.00 -2.00 -1.00
-2.00 -3.00 -5.00 -1.00 -3.00 -4.00 -1.00 -2.00
0.00 2.00 3.00 13.00 4.00 0.00 0.00 0.00
0.00 1.00 -3.00 -16.00 -4.00 -1.00 -1.00 -1.00
-4.00 -5.00 -5.00 7.00 6.00 -2.00 -3.00 -1.00
-2.00 0.00 1.00 20.00 2.00 -5.00 -2.00 -1.00
-1.00 0.00 -2.00 -11.00 -2.00 1.00 -2.00 0.00
-2.00 -2.00 -2.00 -52.00 -11.00 -3.00 -2.00 -2.00
-3.00 1.00 -8.00 9.00 5.00 -4.00 -1.00 0.00
1.00 0.00 1.00 2.00 -5.00 -4.00 -3.00 -2.00
-1.00 -2.00 -1.00 -1.00 2.00 -2.00 -3.00 -2.00
-1.00 -4.00 -5.00 0.00 14.00 -4.00 0.00 -2.00
-1.00 1.00 4.00 35.00 2.00 0.00 2.00 2.00
-2.00 -1.00 -1.00 11.00 28.00 4.00 2.00 0.00
-2.00 1.00 4.00 6.00 -7.00 -8.00 -5.00 -2.00
-1.00 0.00 2.00 8.00 3.00 -1.00 1.00 0.00
-1.00 0.00 -1.00 -17.00 -1.00 -3.00 -2.00 0.00
-1.00 0.00 -2.00 0.00 -2.00 -3.00 -1.00 0.00
6.00 3.00 3.00 30.00 25.00 7.00 0.00 -1.00
-3.00 -2.00 3.00 17.00 -6.00 -10.00 -2.00 -2.00
-9.00 -2.00 1.00 39.00 14.00 3.00 1.00 0.00
-6.00 -1.00 9.00 45.00 43.00 -8.00 -2.00 -1.00
-18.00 -15.00 9.00 -8.00 -32.00 12.00 -2.00 -11.00
36.00 -21.00 -5.00 7.00 53.00 -27.00 7.00 92.00
7.00 -16.00 -7.00 -112.00 0.00 13.00 -20.00 -13.00
49.00 -13.00 -9.00 -115.00 -26.00 4.00 -22.00 0.00
7.00 -1.00 -24.00 -83.00 -47.00 14.00 20.00 3.00
21.00 2.00 7.00 -12.00 64.00 34.00 8.00 73.00
-38.00 5.00 9.00 31.00 5.00 -3.00 -30.00 -16.00
24.00 3.00 -26.00 -63.00 15.00 -2.00 15.00 11.00
1.00 -3.00 25.00 3.00 -32.00 -3.00 10.00 1.00
-5.00 0.00 -11.00 -74.00 24.00 -1.00 -2.00 4.00
-1.00 -4.00 -6.00 38.00 19.00 -2.00 3.00 -2.00
0.00 -2.00 -3.00 14.00 3.00 -1.00 -3.00 -3.00
0.00 -3.00 -1.00 22.00 -14.00 -7.00 -1.00 2.00
-1.00 -1.00 0.00 -8.00 4.00 1.00 0.00 -2.00
-1.00 0.00 3.00 2.00 1.00 1.00 -1.00 -2.00
-1.00 -2.00 1.00 3.00 -2.00 1.00 0.00 0.00
1.00 3.00 3.00 18.00 6.00 2.00 2.00 0.00
-3.00 -3.00 -5.00 -6.00 7.00 1.00 2.00 2.00
0.00 -1.00 2.00 -10.00 -10.00 -1.00 1.00 -1.00
0.00 -2.00 -7.00 -13.00 5.00 1.00 0.00 0.00
0.00 1.00 5.00 6.00 5.00 0.00 1.00 1.00
0.00 5.00 -1.00 -5.00 -14.00 -4.00 0.00 -1.00
-3.00 -4.00 -5.00 -56.00 -6.00 -4.00 -2.00 -2.00
-2.00 -2.00 -1.00 17.00 -6.00 -4.00 -4.00 0.00
0.00 1.00 3.00 8.00 1.00 0.00 -1.00 -1.00
-3.00 -1.00 -4.00 6.00 6.00 4.00 -1.00 -1.00
0.00 -2.00 -1.00 15.00 4.00 3.00 2.00 0.00
0.00 1.00 1.00 6.00 0.00 3.00 -1.00 -2.00
1.00 0.00 -1.00 6.00 8.00 4.00 0.00 -1.00
-1.00 1.00 -2.00 -5.00 -1.00 -3.00 0.00 0.00
-4.00 -3.00 -8.00 7.00 -2.00 -6.00 0.00 -2.00
-1.00 0.00 1.00 4.00 1.00 -1.00 -1.00 -1.00
1.00 4.00 0.00 -5.00 2.00 1.00 2.00 1.00
-1.00 -2.00 -5.00 -2.00 4.00 -1.00 0.00 -2.00
0.00 -2.00 -4.00 -1.00 1.00 -1.00 -3.00 0.00
0.00 -1.00 1.00 4.00 3.00 -1.00 0.00 -1.00
0.00 -2.00 1.00 3.00 -1.00 -1.00 1.00 1.00
