1.00 -3.00 -1.00 -2.00 3.00 1.00 4.00 5.00
-1.00 -3.00 -7.00 -3.00 2.00 3.00 2.00 -2.00
-1.00 -6.00 1.00 3.00 -2.00 1.00 0.00 0.00
-2.00 -2.00 -1.00 -2.00 1.00 0.00 -5.00 -13.00
0.00 -1.00 -2.00 -6.00 -6.00 -2.00 -1.00 2.00
2.00 2.00 12.00 -1.00 -7.00 -1.00 3.00 6.00
-2.00 -3.00 -3.00 -11.00 -1.00 -2.00 1.00 1.00
26.00 4.00 1.00 -67.00 7.00 14.00 3.00 8.00
-22.00 5.00 10.00 127.00 -9.00 -7.00 -24.00 -27.00
19.00 5.00 4.00 33.00 18.00 -21.00 25.00 60.00
89.00 38.00 24.00 3.00 -97.00 46.00 47.00 119.00
12.00 -10.00 4.00 37.00 -52.00 2.00 18.00 6.00
-6.00 -11.00 -25.00 -128.00 -35.00 -19.00 3.00 8.00
18.00 -18.00 -1.00 -62.00 6.00 0.00 -21.00 -11.00
-4.00 -4.00 -2.00 -55.00 -23.00 5.00 10.00 59.00
48.00 -7.00 15.00 -5.00 17.00 3.00 17.00 84.00
-57.00 -15.00 -34.00 -81.00 -49.00 -5.00 31.00 -36.00
17.00 -6.00 -5.00 56.00 12.00 -8.00 -1.00 3.00
11.00 3.00 2.00 26.00 -2.00 2.00 4.00 8.00
6.00 3.00 6.00 8.00 7.00 5.00 11.00 11.00
-3.00 0.00 5.00 26.00 -2.00 -3.00 -6.00 0.00
-2.00 1.00 -5.00 -8.00 -14.00 -11.00 1.00 -1.00
0.00 -4.00 3.00 26.00 -1.00 -1.00 -9.00 -10.00
-1.00 0.00 1.00 12.00 13.00 2.00 -7.00 0.00
-4.00 -4.00 -5.00 17.00 -7.00 -5.00 -3.00 -5.00
-2.00 -2.00 11.00 -5.00 -4.00 -7.00 -10.00 -14.00
-2.00 0.00 2.00 -33.00 4.00 0.00 -3.00 2.00
-4.00 -2.00 0.00 48.00 7.00 2.00 1.00 -16.00
1.00 6.00 10.00 -7.00 1.00 0.00 1.00 9.00
-2.00 -1.00 -11.00 10.00 1.00 0.00 7.00 15.00
-1.00 4.00 2.00 11.00 2.00 2.00 3.00 8.00
0.00 5.00 5.00 9.00 -1.00 -1.00 2.00 -2.00
1.00 0.00 -4.00 -3.00 3.00 1.00 0.00 7.00
-2.00 -7.00 5.00 7.00 -2.00 -1.00 -2.00 -5.00
0.00 0.00 -4.00 -8.00 0.00 -1.00 1.00 0.00
-2.00 -1.00 -1.00 6.00 2.00 -1.00 5.00 -2.00
