0.00 -2.00 -1.00 0.00 -5.00 -7.00 -4.00 0.00
-1.00 0.00 1.00 2.00 -19.00 1.00 -3.00 -2.00
-1.00 -3.00 2.00 3.00 -3.00 -6.00 2.00 2.00
-12.00 -4.00 1.00 -1.00 19.00 7.00 -10.00 -45.00
5.00 3.00 1.00 3.00 21.00 7.00 5.00 80.00
-11.00 -9.00 -7.00 8.00 -1.00 9.00 5.00 20.00
-86.00 1.00 4.00 124.00 14.00 -9.00 -15.00 7.00
16.00 -8.00 0.00 36.00 14.00 7.00 1.00 0.00
9.00 -1.00 2.00 28.00 119.00 12.00 9.00 56.00
64.00 11.00 -2.00 -71.00 -62.00 -8.00 3.00 9.00
-50.00 12.00 14.00 -77.00 -10.00 6.00 9.00 17.00
16.00 -10.00 -1.00 19.00 -113.00 -24.00 -18.00 -8.00
-17.00 -5.00 -3.00 74.00 35.00 2.00 -6.00 -41.00
65.00 -12.00 2.00 -6.00 -36.00 -8.00 10.00 -2.00
-19.00 4.00 0.00 -11.00 15.00 1.00 -10.00 -10.00
-5.00 0.00 1.00 5.00 -3.00 -5.00 -8.00 -4.00
-3.00 -4.00 -2.00 17.00 0.00 -5.00 2.00 -1.00
-1.00 1.00 1.00 -1.00 0.00 4.00 7.00 -3.00
-2.00 -1.00 -1.00 23.00 10.00 -4.00 -3.00 0.00
-2.00 -5.00 -7.00 -16.00 -12.00 -3.00 -1.00 -4.00
-2.00 2.00 4.00 26.00 1.00 -1.00 1.00 1.00
