0.00 -3.00 -3.00 -9.00 6.00 -2.00 0.00 9.00
-1.00 0.00 0.00 4.00 13.00 -1.00 -4.00 -2.00
-3.00 -1.00 -3.00 -6.00 -12.00 1.00 -3.00 -2.00
-2.00 -2.00 4.00 -1.00 3.00 7.00 1.00 -3.00
-1.00 -1.00 -4.00 -1.00 1.00 -5.00 9.00 0.00
-1.00 -2.00 -1.00 9.00 -7.00 -8.00 -4.00 7.00
-11.00 -1.00 0.00 -14.00 11.00 6.00 6.00 -3.00
-26.00 0.00 -12.00 92.00 -11.00 -15.00 -7.00 0.00
-2.00 -5.00 -2.00 20.00 -38.00 1.00 1.00 -3.00
-33.00 9.00 -15.00 -15.00 -12.00 -27.00 -31.00 -113.00
10.00 6.00 -6.00 -17.00 -29.00 -32.00 8.00 37.00
-34.00 -23.00 -1.00 64.00 -9.00 -4.00 2.00 11.00
-11.00 -1.00 8.00 -13.00 51.00 20.00 -12.00 27.00
-11.00 -1.00 -1.00 -4.00 63.00 86.00 24.00 14.00
-9.00 12.00 11.00 58.00 85.00 41.00 65.00 -21.00
93.00 10.00 -9.00 5.00 10.00 19.00 -39.00 4.00
17.00 3.00 7.00 -20.00 -2.00 -12.00 14.00 3.00
-30.00 -10.00 -10.00 -48.00 -85.00 9.00 -26.00 -66.00
-9.00 1.00 -10.00 25.00 25.00 2.00 5.00 -18.00
-3.00 0.00 -7.00 -21.00 -4.00 -10.00 3.00 3.00
-3.00 -4.00 -22.00 -14.00 -8.00 -8.00 0.00 -3.00
5.00 5.00 -15.00 6.00 16.00 8.00 3.00 2.00
0.00 0.00 4.00 1.00 -8.00 -4.00 -3.00 13.00
-1.00 1.00 1.00 1.00 -11.00 -1.00 0.00 0.00
0.00 1.00 3.00 26.00 4.00 4.00 5.00 5.00
-4.00 -4.00 -3.00 -15.00 -20.00 -2.00 -6.00 -6.00
2.00 2.00 6.00 9.00 5.00 -3.00 -4.00 -2.00
-2.00 -5.00 -6.00 16.00 15.00 3.00 3.00 -12.00
-2.00 0.00 -5.00 5.00 -10.00 -5.00 -3.00 2.00
0.00 -2.00 -6.00 8.00 11.00 5.00 1.00 -1.00
-2.00 -1.00 11.00 -1.00 13.00 -7.00 -4.00 -8.00
