-1.00 0.00 1.00 -5.00 3.00 0.00 -1.00 -2.00
-1.00 -1.00 -1.00 -4.00 -6.00 -4.00 -2.00 0.00
-1.00 -2.00 0.00 -4.00 -1.00 -2.00 0.00 0.00
-1.00 2.00 0.00 -11.00 11.00 3.00 4.00 0.00
2.00 2.00 1.00 -19.00 -2.00 1.00 0.00 -2.00
-1.00 -1.00 -2.00 -10.00 -5.00 -2.00 1.00 0.00
-1.00 -1.00 -3.00 -8.00 6.00 2.00 4.00 0.00
-1.00 -3.00 0.00 6.00 0.00 2.00 2.00 0.00
-2.00 -2.00 -6.00 -21.00 -3.00 -2.00 -1.00 -1.00
1.00 1.00 2.00 19.00 4.00 4.00 4.00 1.00
0.00 -2.00 -2.00 -4.00 -14.00 -4.00 -3.00 0.00
2.00 1.00 -3.00 -32.00 1.00 3.00 2.00 1.00
5.00 -4.00 -3.00 -77.00 -16.00 2.00 -1.00 2.00
0.00 5.00 7.00 -1.00 -23.00 -2.00 -3.00 -4.00
-15.00 -11.00 -6.00 2.00 -35.00 -11.00 -21.00 -59.00
-18.00 -1.00 -10.00 -62.00 14.00 6.00 -7.00 -4.00
-77.00 -1.00 -7.00 92.00 -31.00 -16.00 -14.00 1.00
3.00 -1.00 -1.00 25.00 26.00 -1.00 -3.00 2.00
0.00 -4.00 -8.00 -41.00 -19.00 21.00 -14.00 -44.00
24.00 0.00 2.00 7.00 -42.00 -22.00 -7.00 31.00
35.00 -5.00 8.00 -4.00 -11.00 -8.00 8.00 31.00
10.00 13.00 -2.00 -67.00 -20.00 1.00 -7.00 14.00
-6.00 2.00 0.00 2.00 -9.00 2.00 -9.00 -5.00
1.00 1.00 2.00 17.00 15.00 1.00 -1.00 14.00
-6.00 -2.00 -5.00 23.00 11.00 -5.00 0.00 6.00
0.00 1.00 -1.00 -22.00 -6.00 -2.00 -6.00 -6.00
-2.00 0.00 -3.00 -17.00 -1.00 -2.00 -3.00 -4.00
0.00 1.00 1.00 -24.00 2.00 1.00 -6.00 -20.00
-3.00 -1.00 -1.00 23.00 -1.00 -4.00 -8.00 0.00
-1.00 -2.00 -2.00 -1.00 0.00 4.00 2.00 2.00
-2.00 -2.00 -3.00 22.00 -7.00 -5.00 -2.00 -1.00
-1.00 -1.00 0.00 -1.00 7.00 1.00 -2.00 1.00
-3.00 -2.00 -3.00 -12.00 -7.00 -2.00 0.00 0.00
0.00 -1.00 -1.00 -9.00 -3.00 -1.00 0.00 2.00
-1.00 -1.00 1.00 -6.00 -2.00 -2.00 -3.00 -2.00
-2.00 -1.00 -3.00 -7.00 -3.00 -2.00 3.00 -1.00
1.00 0.00 -3.00 -7.00 1.00 5.00 -1.00 -1.00
-1.00 -2.00 -3.00 16.00 7.00 -2.00 -3.00 -1.00
0.00 -1.00 -1.00 -3.00 -2.00 2.00 0.00 -1.00
0.00 -1.00 -2.00 -1.00 0.00 -3.00 -2.00 -3.00
0.00 -2.00 -3.00 33.00 3.00 -5.00 3.00 3.00
