0.00 -2.00 -5.00 -4.00 1.00 1.00 3.00 8.00
0.00 -4.00 -2.00 0.00 -1.00 -1.00 0.00 5.00
1.00 0.00 0.00 5.00 -2.00 0.00 -1.00 1.00
1.00 -1.00 2.00 -1.00 0.00 2.00 -1.00 -2.00
-1.00 0.00 1.00 -24.00 -6.00 -2.00 -2.00 -1.00
-1.00 -1.00 -4.00 10.00 -4.00 -1.00 4.00 0.00
-3.00 0.00 -1.00 -3.00 -2.00 0.00 -3.00 -19.00
0.00 0.00 1.00 4.00 -3.00 -3.00 0.00 -1.00
0.00 0.00 1.00 6.00 -1.00 0.00 -1.00 2.00
-3.00 -3.00 -7.00 -5.00 1.00 -4.00 -1.00 -1.00
0.00 0.00 1.00 -13.00 3.00 1.00 0.00 -4.00
1.00 2.00 3.00 15.00 7.00 1.00 -1.00 3.00
1.00 -1.00 1.00 -2.00 1.00 1.00 0.00 6.00
-1.00 -1.00 3.00 5.00 0.00 0.00 0.00 -3.00
0.00 -1.00 1.00 5.00 3.00 2.00 0.00 1.00
-1.00 -2.00 0.00 1.00 0.00 -2.00 11.00 3.00
0.00 0.00 2.00 42.00 6.00 2.00 -6.00 -9.00
0.00 -2.00 -3.00 -12.00 1.00 -1.00 2.00 -2.00
-1.00 -3.00 -2.00 -6.00 3.00 0.00 0.00 6.00
-1.00 1.00 2.00 -12.00 7.00 1.00 10.00 -1.00
1.00 0.00 2.00 11.00 -6.00 -2.00 -3.00 -1.00
2.00 3.00 4.00 15.00 15.00 4.00 1.00 0.00
8.00 -1.00 -3.00 -76.00 -2.00 2.00 1.00 4.00
-7.00 4.00 1.00 32.00 37.00 14.00 0.00 7.00
-5.00 -5.00 -1.00 11.00 -5.00 -10.00 -1.00 8.00
-10.00 -6.00 -11.00 2.00 33.00 -4.00 4.00 45.00
12.00 1.00 -16.00 -13.00 -28.00 3.00 19.00 27.00
-10.00 10.00 -4.00 48.00 1.00 -16.00 -16.00 -3.00
-15.00 -11.00 -13.00 -88.00 -24.00 -1.00 -1.00 5.00
14.00 -4.00 8.00 -10.00 72.00 -51.00 2.00 55.00
7.00 5.00 13.00 26.00 -87.00 14.00 5.00 7.00
-10.00 -13.00 -3.00 3.00 -20.00 -6.00 4.00 5.00
-6.00 15.00 10.00 74.00 19.00 12.00 -9.00 -14.00
29.00 8.00 -2.00 -22.00 -47.00 -23.00 1.00 8.00
17.00 2.00 -4.00 -17.00 -9.00 2.00 -14.00 -4.00
7.00 -1.00 -9.00 17.00 -14.00 6.00 1.00 -1.00
2.00 -1.00 7.00 28.00 11.00 -4.00 -9.00 -2.00
0.00 1.00 -3.00 -3.00 1.00 0.00 10.00 5.00
0.00 1.00 5.00 -17.00 -13.00 -6.00 -6.00 5.00
-1.00 1.00 -4.00 -2.00 3.00 3.00 -4.00 0.00
-2.00 -4.00 -9.00 -7.00 5.00 -1.00 2.00 -4.00
0.00 1.00 6.00 -1.00 7.00 0.00 -1.00 1.00
0.00 2.00 5.00 -5.00 -8.00 -2.00 8.00 -1.00
1.00 0.00 -6.00 2.00 3.00 -3.00 2.00 1.00
0.00 1.00 4.00 11.00 7.00 2.00 1.00 2.00
1.00 -1.00 2.00 3.00 5.00 0.00 0.00 2.00
-3.00 -5.00 -13.00 -9.00 3.00 -3.00 0.00 2.00
0.00 6.00 0.00 1.00 -8.00 -6.00 -1.00 -5.00
0.00 1.00 0.00 6.00 -1.00 -2.00 -2.00 0.00
2.00 2.00 0.00 -3.00 1.00 6.00 0.00 7.00
-2.00 -1.00 0.00 -2.00 1.00 -3.00 1.00 -1.00
