-1.00 -1.00 -4.00 0.00 3.00 0.00 -2.00 5.00
-3.00 -1.00 2.00 6.00 -2.00 -3.00 0.00 -17.00
-1.00 -4.00 -1.00 -5.00 1.00 -2.00 -9.00 -21.00
11.00 -2.00 -4.00 -27.00 -12.00 -4.00 10.00 13.00
1.00 -5.00 2.00 -34.00 -6.00 1.00 2.00 11.00
-8.00 -1.00 -1.00 36.00 -10.00 -2.00 -1.00 -11.00
4.00 -2.00 0.00 39.00 37.00 -7.00 2.00 12.00
-10.00 3.00 0.00 2.00 36.00 18.00 -10.00 -30.00
-10.00 1.00 7.00 21.00 5.00 -11.00 -3.00 28.00
19.00 12.00 -12.00 -128.00 -50.00 -16.00 1.00 35.00
12.00 1.00 -8.00 -5.00 -18.00 0.00 3.00 9.00
-7.00 2.00 5.00 9.00 26.00 2.00 -11.00 -7.00
15.00 9.00 1.00 -10.00 -115.00 -37.00 27.00 110.00
-27.00 -10.00 -9.00 -42.00 -73.00 -18.00 -30.00 -31.00
73.00 -2.00 -18.00 -108.00 -26.00 -4.00 -38.00 -19.00
-31.00 2.00 4.00 41.00 39.00 -1.00 -7.00 -12.00
-8.00 1.00 4.00 -2.00 30.00 0.00 6.00 1.00
-7.00 0.00 3.00 7.00 6.00 1.00 5.00 -3.00
-1.00 1.00 5.00 23.00 5.00 2.00 -2.00 -2.00
-1.00 1.00 16.00 19.00 21.00 4.00 -1.00 -6.00
-1.00 -1.00 -2.00 9.00 -8.00 -7.00 -8.00 -4.00
0.00 0.00 -6.00 21.00 0.00 -1.00 -6.00 -7.00
-3.00 -7.00 -12.00 47.00 -16.00 -6.00 -3.00 -4.00
-2.00 -2.00 14.00 10.00 -1.00 -2.00 4.00 -14.00
-3.00 -1.00 -5.00 -1.00 -2.00 -1.00 -2.00 6.00
0.00 -2.00 0.00 8.00 0.00 2.00 3.00 -4.00
-1.00 1.00 23.00 3.00 -3.00 -2.00 -5.00 -7.00
-1.00 -3.00 -4.00 -25.00 -4.00 -3.00 -4.00 -1.00
0.00 4.00 17.00 -3.00 -4.00 -1.00 3.00 -2.00
1.00 -2.00 -4.00 -5.00 2.00 3.00 -1.00 -1.00
-1.00 -3.00 -5.00 -3.00 3.00 1.00 1.00 -4.00
