-1.00 0.00 2.00 -5.00 -10.00 -2.00 -2.00 -2.00
0.00 2.00 1.00 -4.00 10.00 -6.00 -1.00 1.00
2.00 2.00 1.00 1.00 15.00 -7.00 0.00 0.00
-2.00 -4.00 -5.00 -7.00 -11.00 1.00 -2.00 -1.00
0.00 2.00 -1.00 -4.00 -4.00 5.00 2.00 0.00
-6.00 -1.00 -7.00 -12.00 -63.00 1.00 -3.00 -13.00
-40.00 -8.00 -7.00 -6.00 96.00 25.00 -32.00 -81.00
6.00 -8.00 -16.00 -55.00 -4.00 -10.00 -3.00 -1.00
-63.00 5.00 4.00 -40.00 21.00 7.00 4.00 -35.00
15.00 -1.00 -29.00 -33.00 -7.00 -8.00 1.00 -1.00
-14.00 -8.00 -1.00 -9.00 45.00 30.00 -1.00 -55.00
25.00 -9.00 7.00 66.00 1.00 -8.00 -9.00 -4.00
-14.00 2.00 1.00 -7.00 -10.00 -4.00 2.00 0.00
-17.00 -2.00 -24.00 -31.00 -5.00 -1.00 5.00 1.00
-6.00 -2.00 0.00 -9.00 -5.00 1.00 -2.00 0.00
-4.00 2.00 4.00 -7.00 -6.00 1.00 4.00 0.00
-1.00 1.00 2.00 -3.00 4.00 0.00 -1.00 3.00
-2.00 -1.00 -1.00 -5.00 4.00 1.00 -1.00 2.00
-2.00 -1.00 -1.00 11.00 4.00 0.00 2.00 -2.00
1.00 -2.00 0.00 -3.00 0.00 0.00 -2.00 0.00
-3.00 -1.00 -2.00 0.00 -2.00 1.00 1.00 -1.00
