1.00 -2.00 -2.00 1.00 4.00 -3.00 -2.00 -1.00
-2.00 -1.00 -7.00 0.00 1.00 1.00 0.00 -1.00
-2.00 -2.00 -4.00 -3.00 7.00 1.00 -1.00 1.00
0.00 -2.00 -2.00 3.00 -5.00 -4.00 -1.00 -2.00
1.00 -1.00 -1.00 -11.00 6.00 2.00 -2.00 0.00
-1.00 0.00 -5.00 -8.00 17.00 1.00 -2.00 -2.00
0.00 -1.00 4.00 -11.00 3.00 -3.00 -1.00 -1.00
0.00 -2.00 -6.00 -10.00 -1.00 6.00 0.00 -1.00
-2.00 -1.00 -5.00 -7.00 -3.00 3.00 0.00 0.00
-4.00 -6.00 -2.00 -5.00 10.00 1.00 -2.00 -1.00
-1.00 -1.00 9.00 53.00 14.00 -7.00 -3.00 -1.00
-8.00 0.00 -22.00 -84.00 -3.00 5.00 -7.00 1.00
-46.00 -33.00 -44.00 -56.00 -91.00 -58.00 14.00 3.00
-28.00 -10.00 -26.00 7.00 26.00 11.00 -14.00 -19.00
17.00 5.00 3.00 127.00 -103.00 -53.00 18.00 35.00
-25.00 -8.00 2.00 44.00 -45.00 1.00 -30.00 0.00
10.00 4.00 -22.00 -92.00 17.00 10.00 3.00 -12.00
3.00 7.00 16.00 4.00 -3.00 22.00 17.00 26.00
31.00 17.00 -4.00 -48.00 -78.00 -20.00 -2.00 -32.00
25.00 1.00 10.00 -46.00 24.00 -5.00 7.00 21.00
27.00 16.00 0.00 -36.00 16.00 9.00 -2.00 -7.00
5.00 1.00 0.00 6.00 16.00 2.00 12.00 -1.00
8.00 -2.00 -8.00 23.00 11.00 -11.00 -2.00 -3.00
1.00 -2.00 1.00 10.00 1.00 1.00 4.00 6.00
1.00 -1.00 -2.00 -11.00 -12.00 -7.00 -3.00 0.00
-1.00 -2.00 -11.00 -42.00 -18.00 -5.00 0.00 -1.00
-1.00 1.00 0.00 -5.00 -6.00 -1.00 0.00 -7.00
1.00 1.00 4.00 8.00 -1.00 -1.00 2.00 2.00
-3.00 -1.00 0.00 26.00 4.00 0.00 -1.00 -1.00
-1.00 -7.00 0.00 18.00 9.00 -1.00 -1.00 2.00
-7.00 3.00 5.00 25.00 3.00 0.00 -5.00 -9.00
1.00 1.00 7.00 -12.00 -5.00 -5.00 0.00 -10.00
0.00 -1.00 -3.00 32.00 -4.00 -1.00 -1.00 -1.00
-1.00 -2.00 0.00 5.00 -4.00 1.00 -2.00 0.00
0.00 1.00 1.00 13.00 5.00 -1.00 0.00 2.00
-1.00 0.00 2.00 -2.00 -1.00 -2.00 -2.00 0.00
-1.00 -4.00 -12.00 -1.00 -1.00 -1.00 1.00 0.00
-2.00 -3.00 -2.00 -2.00 -5.00 -3.00 -3.00 -3.00
2.00 3.00 10.00 9.00 8.00 3.00 0.00 1.00
1.00 0.00 2.00 -2.00 -1.00 -1.00 0.00 2.00
1.00 1.00 2.00 1.00 -3.00 4.00 0.00 1.00
