1.00 -2.00 2.00 -1.00 3.00 1.00 1.00 0.00
0.00 -2.00 -3.00 1.00 -7.00 -4.00 1.00 -1.00
-1.00 -1.00 0.00 -1.00 -1.00 -4.00 -4.00 -1.00
0.00 0.00 -1.00 -4.00 -7.00 -5.00 -3.00 -1.00
0.00 0.00 0.00 34.00 5.00 -1.00 -1.00 0.00
-1.00 -2.00 -1.00 -10.00 -2.00 -1.00 0.00 1.00
1.00 2.00 2.00 0.00 -4.00 -2.00 0.00 -1.00
-1.00 -1.00 -1.00 -14.00 -4.00 -2.00 -3.00 -2.00
1.00 3.00 -3.00 -41.00 -13.00 -1.00 -1.00 0.00
-2.00 0.00 2.00 33.00 10.00 1.00 0.00 0.00
-1.00 -1.00 -2.00 31.00 0.00 0.00 1.00 1.00
-2.00 2.00 5.00 16.00 0.00 0.00 1.00 1.00
0.00 0.00 -2.00 -13.00 6.00 2.00 2.00 2.00
-2.00 -1.00 -3.00 25.00 10.00 5.00 2.00 -1.00
1.00 1.00 1.00 -5.00 -4.00 -2.00 -1.00 -1.00
-1.00 0.00 -1.00 -14.00 1.00 -2.00 1.00 -2.00
0.00 1.00 0.00 -19.00 -3.00 -2.00 -1.00 0.00
-1.00 -1.00 -2.00 -25.00 8.00 1.00 1.00 -2.00
1.00 2.00 3.00 5.00 9.00 -3.00 0.00 1.00
-2.00 2.00 -1.00 -1.00 19.00 -17.00 -2.00 3.00
-11.00 -10.00 0.00 -43.00 2.00 -2.00 -2.00 2.00
11.00 2.00 -5.00 -29.00 -4.00 1.00 -1.00 3.00
0.00 6.00 17.00 113.00 12.00 4.00 4.00 10.00
3.00 8.00 35.00 -18.00 -14.00 11.00 11.00 3.00
24.00 -12.00 -30.00 -6.00 85.00 -7.00 -15.00 78.00
-27.00 -14.00 -41.00 -58.00 -32.00 -28.00 22.00 -26.00
-42.00 17.00 10.00 -111.00 -37.00 15.00 24.00 -21.00
-16.00 -6.00 -38.00 -18.00 9.00 -4.00 4.00 0.00
-36.00 -6.00 -18.00 -40.00 72.00 54.00 9.00 21.00
-31.00 -10.00 -17.00 -30.00 -2.00 -21.00 -35.00 -76.00
60.00 13.00 6.00 -17.00 -24.00 6.00 3.00 14.00
20.00 6.00 0.00 11.00 -58.00 56.00 12.00 100.00
-13.00 -2.00 -2.00 34.00 20.00 -4.00 -3.00 -14.00
-2.00 -2.00 0.00 -27.00 4.00 -10.00 0.00 -17.00
-6.00 -5.00 -9.00 -24.00 -25.00 -11.00 -5.00 -5.00
-2.00 -1.00 5.00 -1.00 -11.00 -10.00 -4.00 -2.00
-1.00 -2.00 -3.00 -2.00 6.00 -5.00 -3.00 -2.00
-8.00 -1.00 -3.00 -3.00 -3.00 0.00 -1.00 -2.00
3.00 -2.00 -3.00 10.00 1.00 4.00 0.00 -1.00
-1.00 0.00 5.00 2.00 1.00 -1.00 1.00 -2.00
-8.00 2.00 0.00 -32.00 -3.00 -2.00 0.00 -2.00
-2.00 -3.00 -1.00 8.00 -15.00 -3.00 0.00 -1.00
3.00 1.00 3.00 16.00 3.00 -2.00 2.00 -1.00
5.00 4.00 -2.00 -21.00 -3.00 -5.00 -4.00 -2.00
-10.00 -2.00 -1.00 5.00 3.00 1.00 -1.00 -1.00
2.00 0.00 0.00 -29.00 -9.00 0.00 2.00 3.00
-15.00 -11.00 0.00 7.00 3.00 2.00 2.00 1.00
-3.00 -1.00 -5.00 -22.00 -7.00 1.00 2.00 -1.00
5.00 1.00 0.00 21.00 3.00 -2.00 -1.00 -1.00
-1.00 -3.00 -7.00 35.00 6.00 1.00 1.00 1.00
0.00 -2.00 -7.00 -13.00 1.00 -3.00 -2.00 -1.00
