-2.00 0.00 5.00 2.00 -5.00 -2.00 0.00 -3.00
0.00 -1.00 3.00 -9.00 -24.00 -8.00 -4.00 0.00
-2.00 -2.00 -1.00 -11.00 -12.00 -1.00 -1.00 1.00
-4.00 -7.00 -9.00 -18.00 -27.00 -13.00 -9.00 -3.00
-5.00 -3.00 -2.00 65.00 13.00 -7.00 -11.00 7.00
-10.00 8.00 9.00 97.00 -7.00 5.00 4.00 12.00
52.00 2.00 -3.00 -60.00 20.00 7.00 5.00 2.00
19.00 10.00 27.00 16.00 -53.00 -44.00 7.00 32.00
12.00 2.00 -4.00 -3.00 -94.00 -2.00 48.00 -17.00
-13.00 -7.00 -10.00 -20.00 79.00 45.00 15.00 8.00
-10.00 -5.00 -3.00 35.00 -8.00 -1.00 52.00 15.00
2.00 -6.00 0.00 11.00 -24.00 -12.00 -8.00 -3.00
-18.00 -3.00 2.00 49.00 -23.00 -14.00 -15.00 -5.00
31.00 14.00 27.00 62.00 125.00 40.00 24.00 112.00
-47.00 -1.00 -17.00 -75.00 7.00 21.00 -24.00 -38.00
8.00 -14.00 -10.00 -91.00 -66.00 -3.00 15.00 -25.00
2.00 0.00 -3.00 -16.00 11.00 3.00 -6.00 -5.00
0.00 0.00 -3.00 -62.00 -7.00 -6.00 -3.00 0.00
-6.00 -5.00 3.00 10.00 4.00 1.00 -9.00 -14.00
0.00 1.00 13.00 1.00 0.00 -2.00 7.00 2.00
-4.00 0.00 7.00 9.00 4.00 -1.00 -2.00 -4.00
