0.00 -1.00 -1.00 -2.00 -6.00 0.00 -1.00 0.00
1.00 2.00 2.00 6.00 -3.00 -2.00 0.00 0.00
-2.00 -1.00 3.00 7.00 6.00 -1.00 -2.00 -1.00
-1.00 0.00 4.00 11.00 0.00 -1.00 1.00 -1.00
0.00 -2.00 -1.00 -6.00 5.00 0.00 -1.00 0.00
-1.00 -3.00 -5.00 -5.00 -5.00 -3.00 -2.00 -1.00
-2.00 0.00 2.00 1.00 -2.00 -3.00 -1.00 -1.00
-1.00 -3.00 1.00 -6.00 -9.00 -7.00 -3.00 -1.00
-1.00 0.00 -2.00 -19.00 -15.00 -2.00 0.00 0.00
-4.00 -12.00 7.00 71.00 -36.00 -20.00 -8.00 -3.00
5.00 -3.00 11.00 -16.00 13.00 1.00 0.00 1.00
-10.00 0.00 -13.00 -86.00 -17.00 -5.00 -3.00 -5.00
-26.00 -16.00 -3.00 -2.00 -116.00 -4.00 -15.00 -71.00
-6.00 2.00 -4.00 37.00 51.00 19.00 40.00 3.00
-24.00 -23.00 1.00 108.00 0.00 -35.00 -28.00 -13.00
2.00 -2.00 13.00 116.00 66.00 -18.00 10.00 27.00
14.00 -2.00 -7.00 -4.00 55.00 45.00 -1.00 29.00
8.00 6.00 6.00 -1.00 -97.00 -18.00 12.00 16.00
-5.00 -9.00 -28.00 -65.00 4.00 -2.00 14.00 8.00
-35.00 11.00 16.00 103.00 36.00 9.00 13.00 -12.00
-6.00 0.00 5.00 52.00 -19.00 -17.00 -4.00 -7.00
0.00 0.00 4.00 7.00 -11.00 -5.00 5.00 -1.00
0.00 -2.00 -6.00 -64.00 -17.00 0.00 -1.00 -3.00
0.00 0.00 5.00 6.00 -18.00 -11.00 -2.00 -1.00
1.00 -1.00 -6.00 -17.00 10.00 0.00 3.00 1.00
0.00 -2.00 3.00 10.00 -7.00 -5.00 -6.00 -4.00
0.00 2.00 1.00 28.00 13.00 0.00 0.00 0.00
-1.00 0.00 3.00 11.00 -2.00 0.00 -2.00 -1.00
0.00 -1.00 -9.00 -98.00 -17.00 -6.00 -4.00 -3.00
3.00 0.00 -4.00 -30.00 -7.00 -3.00 -1.00 1.00
0.00 0.00 6.00 21.00 7.00 1.00 0.00 0.00
0.00 -3.00 0.00 -1.00 6.00 1.00 1.00 0.00
0.00 0.00 -1.00 -2.00 -4.00 -1.00 0.00 1.00
0.00 1.00 3.00 44.00 0.00 0.00 -2.00 0.00
0.00 2.00 3.00 -33.00 -17.00 -1.00 -2.00 -2.00
-1.00 -3.00 -8.00 -22.00 -2.00 0.00 0.00 -1.00
1.00 0.00 4.00 25.00 4.00 1.00 -2.00 0.00
-2.00 -3.00 -9.00 -14.00 -5.00 1.00 -1.00 -2.00
-2.00 1.00 5.00 22.00 4.00 3.00 0.00 -1.00
0.00 -1.00 -5.00 -68.00 -12.00 -1.00 -2.00 -3.00
0.00 -1.00 -3.00 4.00 1.00 -4.00 -2.00 -3.00
