-3.00 -2.00 -2.00 6.00 -2.00 -3.00 -3.00 -1.00
-1.00 -1.00 -3.00 -6.00 3.00 0.00 -2.00 -1.00
-1.00 -1.00 4.00 -1.00 -5.00 -3.00 1.00 -2.00
5.00 0.00 1.00 2.00 -43.00 -3.00 4.00 15.00
4.00 1.00 0.00 0.00 -2.00 2.00 4.00 2.00
-1.00 -3.00 -1.00 13.00 7.00 2.00 -4.00 0.00
2.00 -9.00 5.00 -66.00 -15.00 20.00 6.00 0.00
-7.00 -1.00 -6.00 13.00 -2.00 -5.00 -1.00 0.00
-2.00 -2.00 -3.00 -1.00 65.00 37.00 12.00 31.00
0.00 0.00 1.00 17.00 -44.00 -25.00 -3.00 -6.00
9.00 -13.00 -6.00 -60.00 6.00 -3.00 -2.00 -21.00
27.00 10.00 6.00 58.00 -6.00 -7.00 -10.00 -3.00
7.00 3.00 -2.00 0.00 -5.00 0.00 3.00 -4.00
1.00 -3.00 -6.00 9.00 8.00 -8.00 -2.00 0.00
0.00 0.00 1.00 -5.00 -6.00 -2.00 0.00 -2.00
0.00 0.00 -1.00 -5.00 -6.00 -4.00 -3.00 -4.00
-1.00 -4.00 -6.00 -13.00 -7.00 -1.00 -1.00 -1.00
-1.00 -1.00 0.00 -13.00 0.00 -2.00 -1.00 0.00
-2.00 -2.00 0.00 1.00 -16.00 -6.00 -5.00 0.00
-3.00 -2.00 -4.00 -10.00 -4.00 -2.00 0.00 -1.00
-1.00 -1.00 -1.00 -20.00 -6.00 -3.00 3.00 0.00
