-2.00 0.00 -5.00 -2.00 -3.00 -1.00 1.00 -2.00
-2.00 -2.00 6.00 6.00 -6.00 -2.00 2.00 -1.00
0.00 -2.00 -4.00 -19.00 -6.00 -3.00 -1.00 -1.00
-2.00 -2.00 3.00 -6.00 -3.00 2.00 0.00 -2.00
-2.00 -2.00 0.00 -13.00 -5.00 -4.00 -2.00 -1.00
-1.00 -2.00 -4.00 10.00 -14.00 -8.00 -1.00 -3.00
-1.00 1.00 3.00 4.00 16.00 4.00 0.00 0.00
1.00 2.00 6.00 3.00 0.00 -1.00 1.00 2.00
0.00 0.00 -2.00 0.00 -1.00 -1.00 1.00 -2.00
2.00 1.00 7.00 -15.00 10.00 4.00 1.00 0.00
-45.00 -19.00 -29.00 -16.00 62.00 -1.00 -29.00 -48.00
13.00 7.00 33.00 50.00 30.00 7.00 8.00 20.00
-21.00 10.00 18.00 47.00 21.00 13.00 -1.00 18.00
5.00 6.00 -30.00 -38.00 -6.00 8.00 -1.00 10.00
-7.00 15.00 23.00 -10.00 -89.00 -9.00 10.00 -54.00
-5.00 -3.00 21.00 0.00 49.00 3.00 -6.00 35.00
36.00 -10.00 -13.00 13.00 17.00 3.00 -6.00 8.00
-32.00 -11.00 -18.00 -7.00 -13.00 -19.00 15.00 -4.00
-3.00 -1.00 -2.00 5.00 -3.00 0.00 -1.00 -2.00
-6.00 -6.00 0.00 -2.00 -5.00 0.00 2.00 -11.00
-1.00 0.00 -1.00 -6.00 -3.00 -7.00 0.00 -1.00
-1.00 0.00 5.00 -6.00 -10.00 -3.00 3.00 2.00
0.00 -1.00 1.00 -3.00 -1.00 -2.00 -1.00 -1.00
-1.00 -1.00 -3.00 -18.00 -2.00 0.00 0.00 0.00
0.00 1.00 3.00 -1.00 -1.00 -3.00 -2.00 0.00
-1.00 -1.00 -5.00 2.00 -6.00 -2.00 1.00 -2.00
