-1.00 -2.00 15.00 -6.00 0.00 -2.00 -2.00 -2.00
0.00 0.00 2.00 -2.00 -3.00 -2.00 -3.00 -2.00
-1.00 -1.00 -1.00 -8.00 -2.00 -3.00 0.00 0.00
-1.00 -1.00 -3.00 1.00 -6.00 -4.00 -3.00 -2.00
-1.00 2.00 1.00 -3.00 -5.00 -2.00 -2.00 0.00
-2.00 -4.00 -7.00 -5.00 -15.00 1.00 -1.00 -2.00
-1.00 -2.00 -4.00 -3.00 2.00 -3.00 -3.00 0.00
-1.00 -1.00 -1.00 -5.00 -1.00 -2.00 -1.00 -1.00
-2.00 1.00 -4.00 -3.00 3.00 -3.00 -2.00 -4.00
0.00 0.00 -4.00 -15.00 -2.00 0.00 -1.00 -1.00
-1.00 -1.00 -3.00 0.00 5.00 0.00 0.00 0.00
0.00 -3.00 1.00 -3.00 -5.00 -3.00 -1.00 -1.00
-1.00 -2.00 -4.00 6.00 6.00 2.00 1.00 -1.00
2.00 -1.00 -21.00 11.00 4.00 2.00 1.00 0.00
-2.00 -3.00 -2.00 2.00 -1.00 0.00 0.00 -1.00
-2.00 -3.00 -3.00 1.00 -1.00 -5.00 -1.00 -1.00
-1.00 0.00 0.00 -2.00 1.00 3.00 0.00 0.00
0.00 -2.00 1.00 1.00 1.00 2.00 0.00 1.00
-1.00 0.00 0.00 3.00 -5.00 -3.00 -3.00 0.00
0.00 -1.00 -3.00 1.00 -3.00 -2.00 0.00 0.00
-1.00 0.00 1.00 -2.00 -4.00 0.00 0.00 0.00
0.00 -1.00 3.00 -36.00 7.00 -1.00 0.00 -1.00
-3.00 -1.00 -14.00 -21.00 -7.00 -2.00 -2.00 0.00
2.00 2.00 -7.00 12.00 3.00 1.00 2.00 0.00
-1.00 -2.00 -2.00 12.00 -7.00 -3.00 -2.00 0.00
0.00 3.00 14.00 12.00 -5.00 -2.00 -1.00 -1.00
1.00 1.00 3.00 16.00 2.00 -2.00 2.00 -3.00
-1.00 -3.00 -3.00 50.00 6.00 -6.00 -4.00 -3.00
-1.00 0.00 3.00 -6.00 8.00 0.00 -1.00 0.00
-1.00 -4.00 -6.00 28.00 -1.00 -2.00 -1.00 -2.00
-2.00 2.00 2.00 26.00 5.00 2.00 -4.00 -5.00
-1.00 -1.00 -13.00 -45.00 -4.00 0.00 -1.00 -1.00
1.00 -1.00 6.00 -3.00 -3.00 -2.00 -1.00 1.00
-1.00 -2.00 -4.00 -13.00 -14.00 1.00 0.00 -2.00
-1.00 1.00 -5.00 27.00 4.00 -1.00 0.00 -4.00
-1.00 -2.00 -2.00 3.00 2.00 0.00 -1.00 0.00
-1.00 -2.00 3.00 -8.00 2.00 -2.00 -3.00 -2.00
-1.00 0.00 -5.00 1.00 -1.00 7.00 3.00 -1.00
0.00 1.00 -2.00 -13.00 -3.00 -1.00 0.00 -2.00
0.00 2.00 8.00 15.00 3.00 2.00 1.00 2.00
-1.00 -3.00 -4.00 4.00 -7.00 -3.00 -2.00 -1.00
-1.00 1.00 -8.00 -22.00 9.00 -1.00 0.00 1.00
3.00 3.00 6.00 -10.00 5.00 1.00 0.00 1.00
-1.00 2.00 2.00 3.00 10.00 4.00 1.00 1.00
0.00 -1.00 4.00 9.00 -4.00 -1.00 0.00 -1.00
0.00 3.00 5.00 -1.00 -2.00 -1.00 0.00 -1.00
-1.00 0.00 0.00 -21.00 -6.00 -5.00 0.00 0.00
0.00 -2.00 4.00 17.00 -1.00 7.00 2.00 0.00
0.00 0.00 0.00 -19.00 2.00 -2.00 -1.00 1.00
0.00 -2.00 -4.00 -11.00 -1.00 0.00 1.00 0.00
-1.00 -1.00 -2.00 -49.00 -9.00 -3.00 -3.00 -2.00
2.00 2.00 18.00 4.00 -14.00 -3.00 1.00 1.00
-2.00 0.00 -4.00 15.00 3.00 -2.00 -1.00 -2.00
-1.00 3.00 17.00 -12.00 18.00 3.00 0.00 0.00
-1.00 1.00 -4.00 -2.00 17.00 10.00 4.00 1.00
-1.00 -1.00 0.00 40.00 -4.00 -2.00 -1.00 0.00
-1.00 -2.00 -1.00 0.00 -2.00 2.00 1.00 -1.00
0.00 -2.00 -8.00 -108.00 -24.00 -2.00 -3.00 -2.00
-1.00 0.00 0.00 6.00 -10.00 1.00 1.00 0.00
-1.00 -2.00 -2.00 3.00 -12.00 -4.00 -1.00 2.00
1.00 3.00 4.00 15.00 10.00 -1.00 0.00 1.00
-1.00 0.00 4.00 2.00 -1.00 -3.00 1.00 -1.00
-1.00 5.00 4.00 9.00 -3.00 -3.00 0.00 1.00
-1.00 -3.00 -3.00 11.00 3.00 -2.00 0.00 -2.00
-2.00 -6.00 -6.00 -31.00 -42.00 -4.00 -1.00 -3.00
0.00 -1.00 -10.00 -15.00 -9.00 -5.00 -5.00 -5.00
2.00 4.00 -3.00 -67.00 0.00 3.00 -1.00 1.00
-2.00 3.00 -2.00 12.00 15.00 3.00 -1.00 0.00
-1.00 0.00 3.00 29.00 5.00 3.00 -1.00 0.00
-3.00 -2.00 13.00 -28.00 -5.00 -4.00 -2.00 -1.00
1.00 -1.00 -7.00 -10.00 14.00 8.00 2.00 -2.00
0.00 -8.00 -9.00 2.00 4.00 6.00 4.00 16.00
0.00 3.00 -28.00 -20.00 -20.00 -5.00 7.00 17.00
-6.00 13.00 34.00 43.00 -34.00 7.00 -1.00 -25.00
-25.00 10.00 19.00 57.00 -12.00 -4.00 -9.00 -21.00
-43.00 10.00 11.00 -52.00 -5.00 5.00 4.00 -1.00
50.00 -1.00 -9.00 -30.00 -92.00 -42.00 -7.00 5.00
99.00 3.00 -5.00 -10.00 30.00 60.00 53.00 127.00
33.00 5.00 1.00 -57.00 -23.00 -4.00 18.00 2.00
101.00 10.00 -9.00 -54.00 -52.00 -4.00 -8.00 2.00
13.00 -1.00 2.00 -41.00 -36.00 -8.00 -16.00 3.00
-17.00 -3.00 -3.00 -11.00 -7.00 -3.00 -4.00 -4.00
4.00 -2.00 -1.00 -54.00 28.00 6.00 -1.00 2.00
-3.00 -2.00 1.00 22.00 5.00 -2.00 -1.00 -1.00
1.00 0.00 1.00 7.00 14.00 -1.00 -4.00 -1.00
-1.00 0.00 3.00 24.00 -9.00 -3.00 1.00 -2.00
0.00 1.00 4.00 3.00 0.00 -3.00 -1.00 0.00
1.00 -1.00 1.00 17.00 -13.00 -11.00 -1.00 1.00
-2.00 -2.00 0.00 4.00 11.00 1.00 -2.00 -2.00
-1.00 1.00 25.00 -25.00 8.00 2.00 0.00 -1.00
-3.00 -4.00 -10.00 19.00 4.00 -4.00 -2.00 0.00
-1.00 -1.00 -5.00 15.00 0.00 1.00 0.00 1.00
1.00 2.00 4.00 28.00 4.00 1.00 -1.00 -1.00
-3.00 0.00 5.00 17.00 6.00 -2.00 -2.00 -2.00
-1.00 -3.00 -5.00 -12.00 -3.00 -1.00 -1.00 0.00
-1.00 0.00 0.00 13.00 9.00 -1.00 -3.00 -1.00
1.00 2.00 1.00 -2.00 -2.00 1.00 2.00 1.00
-2.00 -3.00 -2.00 48.00 -1.00 -4.00 -2.00 0.00
2.00 3.00 1.00 -23.00 -9.00 3.00 1.00 2.00
0.00 -1.00 -5.00 -30.00 -3.00 -2.00 -2.00 1.00
-2.00 0.00 2.00 11.00 16.00 1.00 -2.00 -1.00
1.00 1.00 5.00 4.00 0.00 -3.00 -1.00 1.00
-3.00 0.00 1.00 17.00 -7.00 -3.00 -2.00 -3.00
-2.00 -1.00 -3.00 -15.00 -12.00 -8.00 -2.00 -2.00
0.00 0.00 -2.00 -2.00 -17.00 0.00 2.00 2.00
0.00 1.00 1.00 18.00 1.00 -1.00 -2.00 0.00
-2.00 -2.00 5.00 0.00 16.00 3.00 -1.00 -2.00
0.00 -4.00 -11.00 -14.00 -2.00 1.00 0.00 0.00
-1.00 -1.00 0.00 -28.00 1.00 -2.00 1.00 -2.00
1.00 0.00 5.00 -3.00 1.00 2.00 0.00 1.00
-1.00 -3.00 -9.00 -38.00 -13.00 -5.00 -3.00 -3.00
1.00 2.00 -3.00 -21.00 0.00 1.00 1.00 2.00
-2.00 -1.00 1.00 37.00 -5.00 -6.00 -1.00 1.00
0.00 2.00 0.00 16.00 5.00 0.00 -1.00 -1.00
-1.00 -1.00 3.00 4.00 3.00 3.00 -1.00 -1.00
-1.00 -2.00 6.00 13.00 8.00 1.00 0.00 -2.00
-1.00 -3.00 -6.00 23.00 3.00 -5.00 -2.00 -2.00
0.00 -1.00 1.00 6.00 -4.00 -6.00 -4.00 -1.00
0.00 2.00 -1.00 9.00 -2.00 -1.00 0.00 0.00
-2.00 0.00 -12.00 -4.00 -7.00 -4.00 -2.00 -1.00
-2.00 0.00 2.00 7.00 -1.00 2.00 0.00 0.00
-1.00 -1.00 2.00 5.00 0.00 -3.00 -2.00 -3.00
1.00 1.00 3.00 1.00 3.00 0.00 1.00 1.00
1.00 -1.00 3.00 4.00 10.00 2.00 1.00 0.00
1.00 -1.00 -8.00 -14.00 -5.00 -1.00 1.00 0.00
-1.00 1.00 -2.00 -4.00 4.00 0.00 -3.00 -1.00
-1.00 -4.00 -3.00 11.00 0.00 -1.00 0.00 0.00
-1.00 0.00 10.00 9.00 -4.00 3.00 2.00 -2.00
-1.00 -2.00 3.00 15.00 21.00 0.00 -1.00 0.00
1.00 2.00 16.00 18.00 10.00 3.00 0.00 1.00
0.00 -2.00 -3.00 -20.00 -14.00 1.00 3.00 -1.00
0.00 0.00 -3.00 1.00 15.00 0.00 -3.00 0.00
-2.00 -1.00 7.00 -2.00 8.00 4.00 0.00 -2.00
-1.00 0.00 -3.00 -25.00 -4.00 0.00 -1.00 -2.00
0.00 -2.00 -1.00 10.00 -8.00 -2.00 -2.00 -2.00
0.00 1.00 8.00 6.00 -9.00 -2.00 -1.00 2.00
-2.00 0.00 9.00 5.00 19.00 -1.00 -3.00 -1.00
-1.00 0.00 -3.00 7.00 1.00 3.00 0.00 -1.00
-1.00 -1.00 -9.00 -11.00 -14.00 -6.00 -2.00 -3.00
-1.00 2.00 -5.00 -1.00 4.00 -1.00 0.00 0.00
0.00 3.00 25.00 4.00 6.00 2.00 0.00 -1.00
