-2.00 -2.00 -1.00 -7.00 -1.00 -2.00 -1.00 0.00
-1.00 -1.00 -1.00 1.00 2.00 0.00 0.00 -3.00
1.00 0.00 1.00 -1.00 1.00 -6.00 -4.00 -1.00
-1.00 0.00 -2.00 -12.00 -3.00 -2.00 -3.00 -2.00
-7.00 -13.00 0.00 -82.00 -12.00 -1.00 9.00 1.00
0.00 4.00 4.00 -25.00 22.00 13.00 -2.00 -10.00
13.00 1.00 3.00 28.00 -23.00 1.00 5.00 29.00
21.00 5.00 3.00 -3.00 19.00 6.00 21.00 98.00
-45.00 7.00 14.00 95.00 -1.00 -5.00 -15.00 26.00
-45.00 -23.00 -17.00 -67.00 -47.00 -3.00 -10.00 -17.00
13.00 -8.00 -4.00 16.00 4.00 -14.00 4.00 16.00
4.00 3.00 6.00 19.00 2.00 -11.00 14.00 29.00
-10.00 2.00 7.00 109.00 7.00 -13.00 6.00 -5.00
2.00 0.00 0.00 -22.00 11.00 3.00 0.00 -1.00
5.00 -1.00 6.00 20.00 25.00 -7.00 5.00 6.00
1.00 0.00 -3.00 21.00 2.00 -1.00 -3.00 1.00
0.00 -1.00 1.00 -1.00 4.00 3.00 -3.00 0.00
-1.00 -1.00 -1.00 0.00 0.00 -1.00 -4.00 0.00
-1.00 -1.00 1.00 -1.00 0.00 1.00 0.00 -3.00
-1.00 -1.00 0.00 0.00 1.00 0.00 4.00 5.00
2.00 0.00 -2.00 -10.00 -6.00 0.00 0.00 0.00
