-3.00 -1.00 -7.00 0.00 -24.00 -5.00 -2.00 -6.00
0.00 0.00 1.00 1.00 -22.00 -5.00 -3.00 -1.00
-1.00 -2.00 0.00 3.00 -1.00 -4.00 1.00 10.00
-2.00 -1.00 -1.00 10.00 -6.00 -3.00 -3.00 -11.00
0.00 2.00 5.00 18.00 9.00 -1.00 0.00 4.00
-3.00 -2.00 0.00 -16.00 7.00 1.00 1.00 -3.00
6.00 6.00 7.00 -14.00 -36.00 -26.00 -2.00 6.00
-5.00 -5.00 -22.00 -8.00 16.00 17.00 -3.00 7.00
-6.00 -4.00 -24.00 -47.00 -10.00 12.00 0.00 8.00
31.00 5.00 26.00 88.00 21.00 8.00 17.00 12.00
-1.00 4.00 4.00 -24.00 15.00 0.00 1.00 2.00
-16.00 -4.00 -4.00 4.00 -1.00 8.00 -8.00 2.00
-52.00 -18.00 -8.00 -2.00 -5.00 -47.00 -43.00 -126.00
22.00 -3.00 -16.00 -66.00 -11.00 -9.00 27.00 13.00
-44.00 -22.00 12.00 104.00 70.00 -13.00 6.00 3.00
38.00 -7.00 -3.00 2.00 -38.00 -13.00 7.00 3.00
9.00 -1.00 -4.00 -43.00 -43.00 -26.00 -1.00 17.00
18.00 4.00 8.00 -1.00 21.00 -10.00 0.00 11.00
-5.00 1.00 -9.00 18.00 -41.00 -2.00 -6.00 -16.00
-1.00 -1.00 -19.00 -7.00 -4.00 -13.00 1.00 5.00
1.00 5.00 1.00 -21.00 1.00 -1.00 -9.00 -5.00
1.00 -2.00 -14.00 -13.00 5.00 1.00 0.00 6.00
-2.00 -2.00 0.00 -23.00 -9.00 -6.00 8.00 6.00
-1.00 0.00 3.00 -7.00 1.00 0.00 2.00 -2.00
1.00 4.00 11.00 18.00 -14.00 3.00 -2.00 -3.00
1.00 1.00 6.00 -1.00 8.00 3.00 -3.00 -2.00
