-1.00 -1.00 -1.00 1.00 2.00 0.00 -3.00 0.00
-2.00 1.00 2.00 -5.00 7.00 -3.00 0.00 -1.00
0.00 0.00 1.00 -1.00 -7.00 -1.00 4.00 0.00
-1.00 -1.00 0.00 5.00 6.00 -1.00 -1.00 0.00
-2.00 0.00 -4.00 13.00 -14.00 -2.00 0.00 -13.00
-1.00 -3.00 -3.00 -9.00 -2.00 -4.00 -3.00 -1.00
1.00 -1.00 1.00 -12.00 2.00 1.00 -1.00 2.00
-1.00 -1.00 -4.00 -2.00 -4.00 0.00 -1.00 -4.00
4.00 2.00 1.00 -7.00 6.00 2.00 1.00 0.00
1.00 0.00 3.00 8.00 -45.00 -9.00 -5.00 -10.00
15.00 7.00 -4.00 3.00 -8.00 -15.00 7.00 58.00
6.00 -2.00 1.00 27.00 6.00 1.00 2.00 41.00
-9.00 3.00 22.00 31.00 41.00 7.00 7.00 7.00
-1.00 -4.00 -7.00 12.00 -34.00 -10.00 -1.00 -12.00
18.00 5.00 4.00 10.00 69.00 -44.00 -5.00 95.00
4.00 5.00 5.00 7.00 23.00 15.00 -6.00 19.00
65.00 1.00 6.00 -23.00 2.00 12.00 -3.00 -31.00
2.00 3.00 10.00 28.00 20.00 8.00 3.00 2.00
-26.00 0.00 1.00 17.00 1.00 2.00 1.00 -6.00
-8.00 -1.00 -5.00 -32.00 -3.00 2.00 1.00 -1.00
-4.00 0.00 4.00 23.00 2.00 0.00 0.00 0.00
-2.00 -1.00 -2.00 -6.00 -4.00 2.00 2.00 1.00
2.00 -1.00 -1.00 8.00 5.00 0.00 -1.00 -1.00
-1.00 -1.00 -4.00 -46.00 0.00 -2.00 2.00 -11.00
0.00 1.00 0.00 8.00 15.00 4.00 -1.00 2.00
-2.00 -1.00 -3.00 -5.00 9.00 6.00 2.00 -1.00
0.00 -1.00 4.00 -8.00 7.00 0.00 -1.00 1.00
0.00 -2.00 -1.00 -6.00 10.00 3.00 5.00 2.00
-2.00 0.00 0.00 3.00 -9.00 0.00 -1.00 -2.00
1.00 1.00 3.00 3.00 1.00 -1.00 -1.00 0.00
0.00 0.00 2.00 -1.00 -1.00 -3.00 -2.00 -1.00
