-1.00 -3.00 -4.00 -5.00 3.00 0.00 0.00 0.00
-1.00 0.00 5.00 6.00 1.00 0.00 -4.00 -10.00
1.00 -1.00 2.00 3.00 2.00 1.00 -1.00 -8.00
0.00 0.00 5.00 4.00 1.00 0.00 -3.00 -1.00
-2.00 -3.00 -2.00 -1.00 1.00 -2.00 -1.00 2.00
0.00 2.00 -3.00 -4.00 -3.00 0.00 -9.00 -7.00
-2.00 0.00 -3.00 -3.00 3.00 4.00 -7.00 -22.00
1.00 -3.00 -1.00 -2.00 1.00 -3.00 1.00 4.00
-1.00 1.00 -5.00 -6.00 -5.00 1.00 -5.00 -19.00
-1.00 0.00 -2.00 -2.00 -2.00 -2.00 -1.00 1.00
-1.00 -2.00 -5.00 -3.00 -1.00 -1.00 -4.00 -2.00
0.00 -2.00 2.00 7.00 -1.00 1.00 7.00 -28.00
1.00 0.00 -2.00 6.00 2.00 1.00 -1.00 -1.00
0.00 -1.00 -8.00 4.00 7.00 1.00 -3.00 3.00
-3.00 0.00 8.00 11.00 1.00 1.00 3.00 -19.00
-2.00 -2.00 -2.00 -44.00 -16.00 -5.00 -9.00 -13.00
-1.00 2.00 6.00 -6.00 -5.00 -2.00 4.00 6.00
0.00 -1.00 -4.00 26.00 -1.00 -5.00 -4.00 1.00
-2.00 -2.00 -8.00 -2.00 -6.00 -3.00 -6.00 -4.00
1.00 0.00 -2.00 -4.00 4.00 2.00 4.00 3.00
-1.00 -3.00 -1.00 2.00 -12.00 -6.00 -1.00 1.00
1.00 0.00 -3.00 7.00 8.00 4.00 -3.00 -9.00
-8.00 -3.00 -22.00 -15.00 5.00 6.00 -11.00 -9.00
-8.00 -9.00 -1.00 25.00 -30.00 7.00 -13.00 -21.00
-48.00 7.00 -22.00 -87.00 -30.00 -11.00 29.00 18.00
-3.00 -3.00 30.00 -90.00 54.00 16.00 -15.00 8.00
-14.00 5.00 6.00 56.00 79.00 88.00 -12.00 -83.00
75.00 27.00 0.00 39.00 39.00 77.00 56.00 127.00
5.00 2.00 4.00 108.00 12.00 -8.00 9.00 -2.00
14.00 -11.00 -31.00 -128.00 -35.00 -10.00 -13.00 -18.00
-4.00 6.00 0.00 16.00 27.00 -2.00 -4.00 -9.00
-19.00 -7.00 -19.00 42.00 109.00 -19.00 -17.00 -73.00
-11.00 -4.00 -10.00 -78.00 -17.00 -1.00 6.00 -4.00
1.00 0.00 8.00 24.00 -3.00 1.00 4.00 3.00
1.00 -4.00 -4.00 45.00 -6.00 -9.00 1.00 6.00
-2.00 -4.00 -12.00 14.00 1.00 -2.00 1.00 1.00
-1.00 0.00 -3.00 -4.00 -6.00 -3.00 -6.00 -16.00
0.00 3.00 6.00 6.00 3.00 0.00 -1.00 6.00
3.00 0.00 1.00 -1.00 9.00 0.00 5.00 9.00
2.00 5.00 6.00 -1.00 3.00 4.00 2.00 9.00
1.00 2.00 2.00 13.00 6.00 0.00 2.00 11.00
0.00 1.00 5.00 41.00 -4.00 -2.00 -10.00 -7.00
-1.00 -3.00 7.00 30.00 7.00 -2.00 -4.00 -8.00
1.00 1.00 -2.00 -21.00 4.00 -1.00 0.00 -1.00
-1.00 1.00 5.00 -7.00 0.00 2.00 -1.00 -2.00
0.00 0.00 -4.00 -3.00 -8.00 -3.00 -4.00 -2.00
0.00 2.00 9.00 -2.00 4.00 0.00 9.00 6.00
0.00 2.00 -4.00 -12.00 -4.00 -2.00 5.00 -6.00
1.00 2.00 1.00 5.00 -3.00 -2.00 1.00 -1.00
-1.00 -2.00 -10.00 2.00 6.00 0.00 -5.00 -11.00
-4.00 -4.00 -13.00 -3.00 -1.00 0.00 -1.00 -6.00
