0.00 2.00 3.00 3.00 3.00 1.00 0.00 -1.00
-3.00 -20.00 0.00 -1.00 1.00 1.00 0.00 1.00
-7.00 18.00 8.00 13.00 75.00 20.00 4.00 -22.00
15.00 -6.00 23.00 3.00 -9.00 5.00 14.00 90.00
33.00 63.00 -18.00 -9.00 -27.00 26.00 4.00 14.00
56.00 80.00 -5.00 16.00 38.00 12.00 12.00 15.00
49.00 -18.00 19.00 55.00 121.00 34.00 16.00 79.00
-38.00 -115.00 -88.00 -36.00 -31.00 -7.00 -20.00 -55.00
10.00 46.00 53.00 33.00 -16.00 -6.00 -6.00 -25.00
15.00 -10.00 -24.00 4.00 -14.00 -3.00 -5.00 7.00
18.00 22.00 -12.00 59.00 11.00 1.00 10.00 12.00
-3.00 1.00 -1.00 47.00 1.00 -3.00 -2.00 -7.00
-13.00 -5.00 -10.00 2.00 -1.00 2.00 -3.00 -3.00
-3.00 0.00 6.00 -7.00 3.00 0.00 -4.00 2.00
-4.00 -1.00 0.00 -1.00 -1.00 -1.00 -3.00 1.00
