0.00 1.00 4.00 -1.00 2.00 1.00 -2.00 0.00
0.00 3.00 -1.00 -1.00 -4.00 -3.00 -1.00 0.00
-1.00 -2.00 -4.00 -4.00 -3.00 1.00 1.00 -2.00
-2.00 16.00 1.00 -3.00 -13.00 -6.00 -1.00 -2.00
-4.00 6.00 5.00 -2.00 -20.00 3.00 2.00 0.00
-5.00 -50.00 -11.00 -8.00 9.00 -6.00 11.00 30.00
-35.00 -43.00 -20.00 -66.00 60.00 36.00 -37.00 -101.00
61.00 114.00 127.00 36.00 -77.00 -9.00 -3.00 -41.00
-23.00 52.00 -53.00 4.00 27.00 -13.00 2.00 23.00
-31.00 27.00 -9.00 -15.00 14.00 -4.00 -4.00 -40.00
11.00 14.00 -35.00 -20.00 -18.00 -7.00 -3.00 15.00
-18.00 17.00 2.00 17.00 7.00 4.00 33.00 -5.00
-4.00 -3.00 -11.00 -38.00 -30.00 -5.00 -3.00 1.00
10.00 -1.00 -5.00 -26.00 -3.00 -4.00 -5.00 -2.00
-2.00 -3.00 -1.00 32.00 -5.00 -3.00 -1.00 1.00
0.00 -1.00 -3.00 -69.00 -16.00 2.00 1.00 1.00
-2.00 -2.00 2.00 36.00 3.00 -1.00 -1.00 -1.00
0.00 -1.00 -3.00 -1.00 -2.00 -2.00 3.00 6.00
1.00 2.00 -1.00 2.00 5.00 1.00 1.00 3.00
-1.00 -2.00 -1.00 -3.00 -3.00 -1.00 1.00 0.00
-1.00 -1.00 2.00 1.00 -4.00 -3.00 1.00 -1.00
