0.00 -6.00 -2.00 0.00 -1.00 2.00 0.00 0.00
0.00 1.00 1.00 -7.00 -11.00 -3.00 0.00 -2.00
-1.00 -2.00 -5.00 -7.00 10.00 5.00 1.00 0.00
2.00 -1.00 3.00 -3.00 -13.00 -5.00 -3.00 1.00
4.00 25.00 7.00 3.00 -19.00 -10.00 1.00 0.00
-35.00 -22.00 -10.00 2.00 -8.00 -8.00 -9.00 -57.00
6.00 29.00 34.00 36.00 28.00 -13.00 2.00 1.00
14.00 -44.00 22.00 1.00 53.00 -23.00 -7.00 105.00
-31.00 12.00 -20.00 -10.00 26.00 28.00 13.00 -88.00
34.00 59.00 -53.00 -2.00 17.00 -23.00 -18.00 67.00
-53.00 -32.00 40.00 41.00 77.00 4.00 3.00 84.00
-59.00 -44.00 27.00 23.00 -47.00 -39.00 -1.00 -44.00
-4.00 38.00 -10.00 8.00 -4.00 19.00 11.00 68.00
8.00 71.00 -33.00 -7.00 -24.00 -40.00 12.00 -31.00
-10.00 43.00 104.00 22.00 -29.00 7.00 39.00 127.00
69.00 9.00 -34.00 -8.00 62.00 -43.00 -30.00 49.00
-24.00 28.00 -6.00 -12.00 -82.00 -14.00 35.00 73.00
-27.00 36.00 21.00 6.00 5.00 0.00 -3.00 5.00
-6.00 -100.00 44.00 29.00 -90.00 -34.00 -34.00 16.00
-45.00 -7.00 19.00 -1.00 85.00 24.00 6.00 -43.00
17.00 8.00 -27.00 -13.00 -6.00 23.00 12.00 22.00
-30.00 29.00 -11.00 5.00 0.00 -1.00 11.00 -64.00
-5.00 51.00 -10.00 21.00 -113.00 -32.00 -9.00 -28.00
1.00 -7.00 -8.00 -4.00 -33.00 22.00 2.00 59.00
21.00 18.00 -3.00 7.00 118.00 14.00 -8.00 -102.00
-78.00 -78.00 6.00 -24.00 -58.00 -11.00 -11.00 -75.00
11.00 84.00 15.00 -4.00 -128.00 4.00 -24.00 -53.00
15.00 27.00 0.00 42.00 127.00 7.00 18.00 125.00
-17.00 -55.00 17.00 7.00 -74.00 -6.00 17.00 40.00
3.00 -47.00 71.00 15.00 -121.00 -18.00 32.00 80.00
-23.00 -47.00 -9.00 -23.00 -97.00 11.00 -20.00 -99.00
-4.00 -10.00 52.00 28.00 -128.00 -46.00 -5.00 55.00
94.00 29.00 51.00 61.00 92.00 -1.00 34.00 36.00
12.00 44.00 -14.00 17.00 -48.00 -22.00 12.00 20.00
86.00 16.00 10.00 104.00 -16.00 5.00 15.00 -15.00
-41.00 -14.00 -82.00 -59.00 -2.00 -3.00 69.00 16.00
10.00 -2.00 -9.00 74.00 3.00 3.00 9.00 4.00
2.00 3.00 11.00 56.00 1.00 4.00 -9.00 -25.00
5.00 4.00 14.00 -22.00 -3.00 1.00 5.00 1.00
2.00 -6.00 -6.00 25.00 -8.00 -6.00 6.00 10.00
3.00 0.00 1.00 28.00 -6.00 0.00 -17.00 -12.00
20.00 4.00 3.00 -22.00 1.00 0.00 -11.00 2.00
-1.00 0.00 9.00 22.00 6.00 7.00 0.00 11.00
2.00 2.00 -1.00 4.00 10.00 1.00 0.00 -1.00
-8.00 -4.00 -3.00 36.00 -3.00 -8.00 -4.00 2.00
0.00 4.00 -9.00 -17.00 -2.00 2.00 5.00 7.00
