-1.00 -1.00 -5.00 9.00 -4.00 -1.00 -4.00 -3.00
-3.00 -3.00 13.00 19.00 -4.00 -6.00 -8.00 -3.00
1.00 0.00 -3.00 0.00 1.00 -5.00 -1.00 11.00
12.00 1.00 -6.00 -12.00 -45.00 5.00 10.00 35.00
12.00 8.00 2.00 16.00 11.00 -30.00 16.00 55.00
41.00 31.00 27.00 23.00 44.00 -3.00 15.00 127.00
16.00 30.00 6.00 44.00 30.00 -4.00 4.00 -6.00
27.00 22.00 43.00 18.00 -43.00 -2.00 41.00 85.00
-3.00 -13.00 -66.00 -20.00 6.00 -6.00 -19.00 -69.00
-17.00 -23.00 41.00 1.00 88.00 36.00 33.00 67.00
-15.00 -17.00 22.00 38.00 64.00 -5.00 14.00 65.00
-11.00 -35.00 -15.00 -25.00 -110.00 -41.00 -42.00 -20.00
40.00 52.00 11.00 7.00 9.00 40.00 -7.00 56.00
-34.00 -6.00 42.00 12.00 38.00 7.00 11.00 34.00
-30.00 -37.00 -4.00 -53.00 121.00 94.00 26.00 47.00
66.00 103.00 -28.00 -4.00 24.00 -26.00 -15.00 -21.00
5.00 31.00 -42.00 10.00 5.00 2.00 20.00 -95.00
-49.00 -37.00 -46.00 13.00 65.00 47.00 -2.00 -27.00
-7.00 -16.00 -27.00 18.00 32.00 59.00 22.00 30.00
-18.00 -30.00 19.00 15.00 -15.00 6.00 31.00 -107.00
21.00 64.00 -40.00 6.00 44.00 -35.00 -20.00 83.00
-13.00 -13.00 -14.00 -4.00 19.00 16.00 -1.00 -15.00
-18.00 -28.00 11.00 36.00 56.00 39.00 -27.00 -35.00
-58.00 -64.00 -1.00 0.00 -7.00 -32.00 -68.00 -128.00
89.00 96.00 -69.00 -14.00 94.00 30.00 -20.00 78.00
56.00 120.00 -87.00 -55.00 127.00 63.00 24.00 -1.00
-19.00 0.00 15.00 34.00 117.00 37.00 6.00 -6.00
-25.00 -118.00 7.00 -13.00 8.00 -22.00 -15.00 -17.00
3.00 -54.00 9.00 21.00 -39.00 -15.00 26.00 -51.00
10.00 40.00 -5.00 -4.00 -28.00 3.00 18.00 -20.00
-16.00 -38.00 -44.00 -16.00 -34.00 -14.00 -16.00 19.00
3.00 19.00 59.00 34.00 -101.00 -23.00 28.00 -20.00
-38.00 -69.00 28.00 6.00 -59.00 -28.00 -35.00 19.00
-12.00 -18.00 -11.00 -11.00 -32.00 13.00 -10.00 -7.00
22.00 27.00 49.00 13.00 25.00 6.00 2.00 -8.00
14.00 15.00 -74.00 4.00 5.00 5.00 7.00 1.00
-14.00 -1.00 40.00 9.00 2.00 6.00 44.00 7.00
-7.00 -6.00 -20.00 16.00 6.00 1.00 5.00 -6.00
-4.00 1.00 -13.00 50.00 2.00 6.00 11.00 -6.00
5.00 -1.00 -7.00 -30.00 -5.00 -5.00 -6.00 2.00
-1.00 3.00 -7.00 10.00 14.00 0.00 -4.00 5.00
9.00 -10.00 -8.00 -8.00 -3.00 -6.00 -13.00 -11.00
6.00 1.00 3.00 8.00 9.00 3.00 0.00 2.00
-4.00 1.00 0.00 26.00 -4.00 -3.00 -6.00 4.00
-4.00 -1.00 -1.00 11.00 6.00 3.00 4.00 -2.00
-7.00 1.00 13.00 -23.00 -4.00 -2.00 7.00 5.00
