1.00 0.00 4.00 13.00 13.00 1.00 0.00 0.00
2.00 1.00 3.00 8.00 17.00 4.00 2.00 3.00
-1.00 -3.00 -20.00 -4.00 -10.00 0.00 1.00 3.00
0.00 1.00 6.00 1.00 -10.00 -4.00 -10.00 -4.00
-1.00 -5.00 12.00 4.00 -6.00 3.00 13.00 2.00
1.00 -9.00 -21.00 -1.00 62.00 3.00 2.00 -8.00
1.00 0.00 -9.00 -4.00 50.00 34.00 22.00 34.00
6.00 -7.00 -8.00 4.00 41.00 8.00 -2.00 -6.00
16.00 -35.00 -55.00 -27.00 -115.00 11.00 31.00 117.00
74.00 -30.00 4.00 -3.00 -76.00 -8.00 33.00 -42.00
-113.00 -76.00 -34.00 -7.00 83.00 36.00 22.00 43.00
47.00 17.00 39.00 50.00 -128.00 -59.00 2.00 98.00
-63.00 -88.00 0.00 30.00 56.00 -70.00 -33.00 -21.00
-6.00 9.00 50.00 9.00 70.00 -14.00 22.00 81.00
-56.00 -43.00 4.00 -52.00 -105.00 10.00 14.00 6.00
-2.00 -5.00 -33.00 16.00 -128.00 -9.00 -1.00 -80.00
32.00 -16.00 3.00 2.00 -128.00 -51.00 41.00 48.00
-50.00 -47.00 21.00 10.00 72.00 33.00 35.00 43.00
-16.00 3.00 -11.00 -2.00 -28.00 7.00 5.00 -34.00
19.00 -85.00 -46.00 -28.00 -35.00 -6.00 -40.00 -35.00
-26.00 -59.00 -10.00 -11.00 -73.00 9.00 -1.00 23.00
-5.00 43.00 3.00 -54.00 -20.00 52.00 21.00 -86.00
4.00 -61.00 3.00 14.00 -50.00 -38.00 -2.00 38.00
62.00 50.00 30.00 -21.00 39.00 -5.00 -65.00 -116.00
-1.00 51.00 -7.00 -16.00 -2.00 -55.00 -9.00 19.00
-8.00 1.00 60.00 56.00 100.00 20.00 11.00 -37.00
10.00 5.00 2.00 9.00 -70.00 -27.00 -8.00 79.00
-10.00 -9.00 0.00 -7.00 18.00 -12.00 -9.00 -79.00
26.00 37.00 -5.00 -25.00 -88.00 5.00 -11.00 -69.00
3.00 -19.00 -10.00 -7.00 125.00 71.00 6.00 67.00
12.00 14.00 -33.00 10.00 17.00 -13.00 -1.00 81.00
23.00 47.00 9.00 -15.00 -24.00 2.00 -7.00 45.00
60.00 76.00 -24.00 25.00 -68.00 -39.00 -2.00 -40.00
-15.00 -40.00 -3.00 -34.00 127.00 24.00 4.00 4.00
-4.00 -22.00 24.00 12.00 -4.00 -18.00 -10.00 22.00
-3.00 -10.00 20.00 3.00 -12.00 -9.00 -44.00 -40.00
16.00 4.00 -7.00 -13.00 25.00 7.00 19.00 7.00
-15.00 -21.00 -6.00 23.00 -10.00 -4.00 30.00 10.00
-6.00 -5.00 -28.00 -5.00 -8.00 -5.00 -26.00 -26.00
-1.00 -4.00 -7.00 -4.00 -2.00 -2.00 -21.00 -1.00
-5.00 2.00 -19.00 -6.00 1.00 3.00 43.00 -2.00
-2.00 -11.00 -16.00 -5.00 3.00 0.00 11.00 12.00
2.00 -1.00 16.00 1.00 -8.00 4.00 -2.00 -2.00
-2.00 -4.00 -4.00 22.00 3.00 -1.00 -17.00 -3.00
5.00 0.00 -1.00 39.00 7.00 3.00 4.00 8.00
-1.00 -1.00 -2.00 -45.00 -5.00 -1.00 -9.00 -6.00
16.00 4.00 15.00 -12.00 7.00 3.00 4.00 4.00
1.00 5.00 -2.00 12.00 4.00 -4.00 -17.00 4.00
7.00 4.00 9.00 28.00 15.00 4.00 -36.00 -9.00
-4.00 -4.00 0.00 8.00 1.00 -4.00 5.00 6.00
-3.00 -1.00 9.00 7.00 -1.00 -2.00 4.00 0.00
