0.00 -3.00 2.00 0.00 1.00 -1.00 -1.00 0.00
1.00 9.00 7.00 1.00 -4.00 0.00 -2.00 -1.00
-3.00 -31.00 -3.00 -2.00 0.00 1.00 2.00 2.00
1.00 5.00 2.00 4.00 7.00 9.00 0.00 -2.00
-2.00 -8.00 -8.00 -7.00 -16.00 -5.00 -1.00 0.00
-31.00 7.00 -3.00 1.00 -48.00 -13.00 -11.00 -63.00
-12.00 -12.00 -1.00 6.00 17.00 -16.00 -2.00 -9.00
-13.00 37.00 -13.00 12.00 20.00 -5.00 -12.00 -69.00
-5.00 41.00 -120.00 -25.00 -54.00 -16.00 -4.00 -3.00
16.00 101.00 71.00 -3.00 1.00 -9.00 -3.00 4.00
-12.00 -2.00 46.00 3.00 81.00 19.00 5.00 -15.00
28.00 -18.00 73.00 -15.00 -40.00 -18.00 3.00 117.00
-27.00 -83.00 4.00 29.00 -4.00 -14.00 -12.00 -118.00
2.00 44.00 9.00 1.00 -19.00 -4.00 -5.00 -19.00
10.00 31.00 -4.00 3.00 -1.00 1.00 20.00 4.00
-3.00 -11.00 5.00 -12.00 -16.00 -2.00 -3.00 8.00
4.00 31.00 22.00 3.00 16.00 1.00 2.00 16.00
-9.00 -38.00 -50.00 4.00 12.00 10.00 11.00 13.00
-5.00 -18.00 -3.00 -1.00 1.00 2.00 -6.00 -9.00
-3.00 -1.00 18.00 74.00 14.00 7.00 10.00 -15.00
1.00 -3.00 -1.00 -1.00 3.00 1.00 -10.00 5.00
