-4.00 -2.00 -5.00 1.00 0.00 -1.00 -1.00 -2.00
-4.00 -6.00 -7.00 -2.00 -2.00 -1.00 -3.00 -2.00
-6.00 -24.00 -2.00 -4.00 -6.00 -5.00 -5.00 -7.00
10.00 0.00 21.00 2.00 -42.00 3.00 -1.00 28.00
-18.00 -110.00 -104.00 -17.00 -16.00 -22.00 -15.00 -28.00
13.00 113.00 43.00 21.00 -45.00 -2.00 6.00 14.00
-3.00 -110.00 -21.00 6.00 -41.00 -4.00 4.00 12.00
10.00 -71.00 55.00 1.00 68.00 19.00 4.00 16.00
29.00 84.00 93.00 7.00 38.00 13.00 1.00 -22.00
18.00 39.00 74.00 7.00 51.00 3.00 6.00 42.00
-18.00 -64.00 -7.00 9.00 -66.00 -4.00 -1.00 29.00
19.00 -65.00 36.00 1.00 16.00 -12.00 3.00 35.00
-35.00 -77.00 -105.00 -40.00 -52.00 5.00 -6.00 -62.00
-7.00 16.00 18.00 9.00 33.00 -9.00 -6.00 6.00
34.00 83.00 -98.00 -39.00 -27.00 14.00 2.00 -48.00
-21.00 82.00 -3.00 33.00 -5.00 -9.00 13.00 14.00
-31.00 -124.00 -115.00 2.00 -2.00 -7.00 -14.00 -10.00
-2.00 -63.00 -1.00 24.00 -4.00 5.00 13.00 21.00
11.00 18.00 98.00 15.00 13.00 4.00 -1.00 -2.00
1.00 9.00 -2.00 17.00 -26.00 0.00 -3.00 -12.00
44.00 -13.00 1.00 16.00 -18.00 -4.00 32.00 18.00
0.00 2.00 -4.00 20.00 -3.00 -1.00 1.00 0.00
2.00 5.00 3.00 66.00 -7.00 -2.00 7.00 -4.00
2.00 0.00 1.00 3.00 1.00 1.00 4.00 2.00
-2.00 1.00 -1.00 23.00 3.00 0.00 -2.00 -15.00
0.00 -2.00 -2.00 -6.00 -3.00 -4.00 0.00 -3.00
0.00 -24.00 -5.00 -4.00 2.00 0.00 4.00 -2.00
0.00 9.00 -2.00 26.00 -2.00 0.00 -4.00 -15.00
-1.00 4.00 -3.00 -7.00 -4.00 1.00 2.00 6.00
-2.00 -3.00 -1.00 3.00 -2.00 0.00 -1.00 -3.00
-1.00 0.00 -6.00 15.00 0.00 -4.00 1.00 -2.00
