0.00 0.00 -6.00 -2.00 -3.00 4.00 5.00 -5.00
-1.00 -1.00 -1.00 -1.00 -6.00 -1.00 -1.00 0.00
-1.00 2.00 2.00 1.00 -1.00 0.00 -5.00 -3.00
0.00 6.00 3.00 3.00 -2.00 1.00 -3.00 6.00
1.00 -21.00 -1.00 0.00 26.00 3.00 0.00 5.00
-21.00 -2.00 20.00 8.00 -53.00 -26.00 -6.00 -12.00
6.00 -57.00 5.00 -28.00 37.00 43.00 56.00 -36.00
45.00 21.00 42.00 7.00 30.00 38.00 -6.00 8.00
5.00 -34.00 -69.00 10.00 -59.00 5.00 61.00 127.00
-9.00 11.00 65.00 18.00 26.00 -42.00 16.00 127.00
36.00 74.00 0.00 30.00 87.00 -26.00 -8.00 -57.00
25.00 -44.00 -20.00 34.00 85.00 37.00 -1.00 -1.00
-25.00 -30.00 53.00 25.00 -56.00 -29.00 -7.00 -107.00
73.00 46.00 0.00 18.00 -38.00 -59.00 -31.00 97.00
-6.00 -1.00 41.00 45.00 -68.00 -43.00 -9.00 -85.00
55.00 104.00 23.00 65.00 -128.00 13.00 1.00 11.00
-7.00 57.00 45.00 -16.00 -21.00 -48.00 -54.00 114.00
51.00 -63.00 -19.00 -56.00 86.00 35.00 -34.00 -99.00
64.00 41.00 35.00 -5.00 -128.00 -91.00 -58.00 59.00
-19.00 44.00 -27.00 -97.00 -59.00 80.00 56.00 -52.00
-32.00 -10.00 2.00 64.00 4.00 3.00 7.00 -14.00
36.00 11.00 123.00 -2.00 -9.00 6.00 68.00 52.00
-8.00 0.00 18.00 -13.00 -12.00 -6.00 -29.00 0.00
1.00 11.00 26.00 51.00 9.00 11.00 -10.00 -12.00
-14.00 -2.00 -14.00 -20.00 -13.00 -12.00 -12.00 -5.00
-5.00 -1.00 -1.00 -29.00 14.00 12.00 8.00 3.00
-2.00 4.00 -4.00 15.00 5.00 3.00 -3.00 -16.00
5.00 3.00 -7.00 -37.00 -2.00 0.00 10.00 14.00
-2.00 -3.00 -6.00 -9.00 -9.00 2.00 -3.00 -12.00
-1.00 0.00 3.00 1.00 1.00 -1.00 -2.00 -8.00
-1.00 0.00 -7.00 -23.00 -1.00 -2.00 -6.00 1.00
