-3.00 0.00 2.00 2.00 -1.00 -2.00 -1.00 1.00
-1.00 -12.00 -7.00 1.00 1.00 -1.00 -3.00 -1.00
-2.00 -15.00 3.00 1.00 1.00 -3.00 0.00 0.00
-6.00 15.00 6.00 0.00 21.00 -4.00 0.00 -7.00
11.00 22.00 4.00 -1.00 -11.00 1.00 2.00 5.00
-2.00 -39.00 8.00 0.00 27.00 -6.00 -2.00 -2.00
-9.00 56.00 -17.00 -2.00 -13.00 2.00 -1.00 -35.00
26.00 -38.00 15.00 3.00 38.00 -11.00 -1.00 65.00
-24.00 -29.00 -128.00 -4.00 12.00 -2.00 -9.00 -8.00
2.00 -104.00 72.00 6.00 88.00 8.00 -1.00 11.00
13.00 102.00 73.00 18.00 87.00 17.00 0.00 19.00
-15.00 82.00 20.00 4.00 -4.00 -5.00 -1.00 -12.00
-13.00 -18.00 3.00 -8.00 -18.00 -2.00 -12.00 18.00
-53.00 -18.00 12.00 85.00 -16.00 -7.00 -2.00 -14.00
23.00 3.00 1.00 -12.00 -7.00 1.00 6.00 2.00
3.00 -5.00 -7.00 8.00 -2.00 0.00 -3.00 2.00
4.00 4.00 1.00 -1.00 2.00 0.00 0.00 -2.00
-1.00 -3.00 0.00 -1.00 -1.00 0.00 -2.00 -2.00
1.00 -3.00 -2.00 -6.00 1.00 3.00 -2.00 -9.00
