-1.00 0.00 -1.00 3.00 -2.00 2.00 6.00 3.00
1.00 2.00 3.00 -5.00 -22.00 5.00 2.00 -2.00
1.00 10.00 0.00 0.00 -19.00 -2.00 -4.00 8.00
5.00 -2.00 -3.00 9.00 -48.00 -17.00 -2.00 17.00
-29.00 -18.00 16.00 -19.00 89.00 40.00 20.00 -38.00
-63.00 -15.00 -53.00 14.00 43.00 -53.00 -79.00 -99.00
13.00 -9.00 52.00 56.00 -35.00 -21.00 25.00 98.00
-36.00 -127.00 -6.00 -51.00 -55.00 -49.00 -41.00 -43.00
2.00 -27.00 -7.00 27.00 5.00 -5.00 51.00 127.00
26.00 -81.00 -16.00 -40.00 63.00 -16.00 -36.00 92.00
-46.00 35.00 69.00 9.00 -63.00 -16.00 13.00 -30.00
31.00 74.00 12.00 20.00 -73.00 -11.00 55.00 92.00
97.00 -68.00 -44.00 9.00 -5.00 6.00 -31.00 45.00
-14.00 65.00 42.00 -5.00 72.00 -15.00 -25.00 -45.00
33.00 8.00 -30.00 -24.00 -21.00 97.00 96.00 -31.00
-1.00 -16.00 -1.00 21.00 80.00 -7.00 -23.00 11.00
-10.00 2.00 32.00 59.00 -7.00 -26.00 16.00 24.00
-7.00 -22.00 22.00 -8.00 -16.00 -22.00 0.00 46.00
-32.00 -89.00 -54.00 17.00 -109.00 -52.00 22.00 8.00
-27.00 -13.00 -4.00 -6.00 20.00 69.00 -1.00 -22.00
-25.00 -113.00 -34.00 -9.00 -31.00 -18.00 -14.00 31.00
-22.00 -55.00 -5.00 11.00 -53.00 -4.00 -43.00 46.00
36.00 105.00 15.00 -15.00 11.00 8.00 63.00 105.00
-39.00 -61.00 -24.00 -5.00 -45.00 -41.00 17.00 -52.00
40.00 -72.00 -35.00 -37.00 -32.00 -58.00 -100.00 -58.00
-18.00 3.00 2.00 6.00 -69.00 40.00 -14.00 -53.00
9.00 -17.00 -5.00 -19.00 -105.00 4.00 39.00 33.00
-6.00 42.00 23.00 -7.00 7.00 -61.00 -21.00 -98.00
40.00 12.00 -8.00 -7.00 -15.00 112.00 118.00 4.00
16.00 41.00 53.00 52.00 52.00 43.00 28.00 109.00
-39.00 -75.00 -50.00 -36.00 -80.00 -45.00 -52.00 64.00
12.00 31.00 -44.00 -15.00 -19.00 27.00 -43.00 -101.00
-25.00 -29.00 8.00 66.00 20.00 50.00 92.00 -4.00
17.00 18.00 -64.00 10.00 10.00 -2.00 -3.00 10.00
47.00 -3.00 18.00 31.00 -30.00 -22.00 -54.00 -21.00
26.00 -3.00 28.00 75.00 32.00 8.00 18.00 21.00
2.00 7.00 9.00 -72.00 17.00 3.00 25.00 -4.00
-10.00 -3.00 -19.00 88.00 -10.00 -8.00 -10.00 29.00
5.00 1.00 7.00 -28.00 -3.00 4.00 8.00 3.00
20.00 3.00 0.00 22.00 -2.00 -7.00 -26.00 2.00
-5.00 -2.00 0.00 -23.00 -6.00 1.00 8.00 -4.00
-5.00 2.00 -3.00 19.00 6.00 6.00 -14.00 0.00
5.00 8.00 15.00 0.00 3.00 -1.00 -5.00 2.00
-2.00 -8.00 -13.00 -11.00 4.00 0.00 0.00 -1.00
0.00 4.00 17.00 9.00 -2.00 1.00 -3.00 18.00
-3.00 -4.00 1.00 34.00 7.00 2.00 -4.00 1.00
