-2.00 2.00 10.00 4.00 -8.00 -5.00 -4.00 -2.00
-2.00 0.00 -2.00 0.00 2.00 -1.00 -2.00 -8.00
-5.00 -27.00 13.00 -8.00 22.00 12.00 -4.00 -4.00
1.00 22.00 -1.00 4.00 -52.00 10.00 0.00 -14.00
10.00 12.00 9.00 1.00 4.00 -10.00 2.00 43.00
0.00 27.00 36.00 5.00 79.00 22.00 -11.00 -15.00
10.00 4.00 -5.00 12.00 -12.00 0.00 7.00 67.00
5.00 13.00 -9.00 -5.00 61.00 8.00 1.00 -8.00
3.00 -18.00 -16.00 -16.00 -14.00 -2.00 4.00 24.00
39.00 -3.00 53.00 14.00 21.00 -14.00 -8.00 80.00
24.00 12.00 -19.00 -15.00 46.00 3.00 15.00 109.00
3.00 13.00 -6.00 -3.00 -83.00 -13.00 3.00 92.00
-8.00 -59.00 29.00 -25.00 127.00 69.00 -14.00 51.00
39.00 10.00 40.00 25.00 20.00 -12.00 -65.00 -128.00
7.00 -30.00 87.00 -15.00 9.00 14.00 -4.00 -8.00
-38.00 72.00 -24.00 -9.00 70.00 -2.00 -62.00 -121.00
-18.00 -76.00 27.00 -13.00 14.00 43.00 54.00 -89.00
50.00 102.00 -10.00 1.00 114.00 53.00 34.00 67.00
3.00 30.00 50.00 65.00 101.00 14.00 -25.00 -38.00
-10.00 -117.00 32.00 3.00 -106.00 -19.00 -3.00 81.00
-8.00 -78.00 -17.00 -20.00 71.00 54.00 -9.00 2.00
-11.00 -49.00 -39.00 -25.00 -120.00 -43.00 -26.00 74.00
13.00 -17.00 49.00 38.00 -54.00 -7.00 10.00 8.00
-45.00 -27.00 -33.00 19.00 25.00 -33.00 -21.00 -70.00
2.00 19.00 -58.00 -44.00 -13.00 16.00 -4.00 66.00
-1.00 -48.00 40.00 45.00 -19.00 -27.00 -18.00 14.00
-6.00 4.00 -6.00 3.00 -96.00 -29.00 29.00 111.00
-28.00 -29.00 -17.00 19.00 -45.00 -94.00 -29.00 80.00
-38.00 -72.00 -12.00 -12.00 68.00 61.00 9.00 -59.00
85.00 127.00 39.00 -9.00 101.00 50.00 35.00 87.00
-2.00 -18.00 3.00 18.00 19.00 14.00 30.00 -69.00
-4.00 24.00 -5.00 -63.00 76.00 47.00 -56.00 -61.00
-44.00 -21.00 -39.00 -27.00 27.00 2.00 -21.00 -15.00
-11.00 -7.00 46.00 4.00 26.00 2.00 -8.00 -22.00
-25.00 -26.00 -40.00 28.00 -40.00 -20.00 -27.00 -11.00
-3.00 -4.00 -11.00 23.00 -5.00 -5.00 22.00 -7.00
8.00 4.00 -24.00 -43.00 -4.00 -2.00 -7.00 3.00
3.00 1.00 28.00 -1.00 8.00 3.00 19.00 5.00
0.00 2.00 9.00 13.00 -2.00 6.00 0.00 1.00
1.00 1.00 0.00 24.00 6.00 2.00 13.00 1.00
-2.00 -5.00 -11.00 -15.00 -4.00 0.00 -5.00 -3.00
-1.00 0.00 3.00 -17.00 0.00 0.00 0.00 1.00
1.00 -1.00 -13.00 -53.00 -4.00 -7.00 -5.00 0.00
-1.00 -2.00 -14.00 32.00 -3.00 0.00 -5.00 1.00
1.00 0.00 -1.00 -3.00 -2.00 8.00 0.00 11.00
-2.00 0.00 -1.00 -6.00 -2.00 0.00 0.00 -6.00
