2.00 16.00 2.00 -9.00 -7.00 0.00 -9.00 1.00
0.00 -2.00 5.00 21.00 -4.00 6.00 0.00 6.00
0.00 -1.00 5.00 -2.00 8.00 -2.00 2.00 -1.00
2.00 -26.00 2.00 6.00 -52.00 -7.00 15.00 26.00
-17.00 -2.00 5.00 6.00 -36.00 -22.00 -17.00 -65.00
-23.00 18.00 8.00 20.00 -9.00 -12.00 -2.00 3.00
25.00 2.00 -19.00 -56.00 28.00 24.00 25.00 82.00
-10.00 12.00 -10.00 27.00 -83.00 -7.00 52.00 48.00
7.00 33.00 19.00 29.00 -89.00 -22.00 -4.00 127.00
-36.00 -22.00 -23.00 -22.00 -5.00 8.00 -4.00 20.00
-30.00 -31.00 -9.00 -2.00 -60.00 -9.00 -10.00 10.00
22.00 33.00 10.00 7.00 -37.00 -22.00 9.00 89.00
-2.00 -89.00 -9.00 -12.00 21.00 -2.00 -21.00 -110.00
4.00 -49.00 1.00 -17.00 -102.00 -34.00 -34.00 -128.00
-26.00 -44.00 -4.00 -55.00 -32.00 -5.00 7.00 76.00
-18.00 13.00 -9.00 50.00 23.00 12.00 3.00 -5.00
-40.00 12.00 13.00 -58.00 4.00 8.00 35.00 98.00
28.00 55.00 23.00 -39.00 -119.00 -37.00 -22.00 30.00
-27.00 104.00 14.00 8.00 -39.00 27.00 -10.00 7.00
-5.00 -34.00 -12.00 16.00 -53.00 -24.00 -36.00 41.00
-17.00 95.00 23.00 -5.00 -84.00 -12.00 6.00 57.00
-41.00 -55.00 -19.00 -65.00 -112.00 -16.00 3.00 -36.00
85.00 -48.00 -5.00 -31.00 120.00 28.00 26.00 77.00
32.00 25.00 17.00 -30.00 90.00 12.00 38.00 72.00
17.00 -7.00 -3.00 -126.00 -53.00 31.00 -10.00 8.00
25.00 -16.00 7.00 25.00 -4.00 -10.00 0.00 1.00
-22.00 -55.00 4.00 61.00 -57.00 -31.00 43.00 61.00
47.00 10.00 8.00 8.00 27.00 5.00 -23.00 -55.00
4.00 19.00 1.00 -2.00 8.00 0.00 8.00 -17.00
21.00 8.00 4.00 -22.00 44.00 11.00 8.00 -9.00
16.00 -1.00 -16.00 44.00 -15.00 -12.00 -30.00 -16.00
1.00 -8.00 -27.00 -55.00 -18.00 -5.00 -17.00 -25.00
-1.00 11.00 9.00 -24.00 22.00 8.00 60.00 14.00
5.00 2.00 -8.00 -6.00 0.00 -2.00 -3.00 -5.00
12.00 3.00 17.00 42.00 -20.00 -5.00 2.00 5.00
1.00 -7.00 -7.00 9.00 2.00 0.00 -5.00 5.00
-5.00 -3.00 1.00 13.00 -8.00 -5.00 12.00 16.00
-1.00 3.00 2.00 30.00 7.00 1.00 -3.00 -2.00
-2.00 -1.00 1.00 48.00 3.00 0.00 -14.00 -2.00
5.00 2.00 -2.00 -27.00 -5.00 1.00 1.00 9.00
-4.00 -4.00 -12.00 -1.00 -18.00 -13.00 -6.00 -2.00
-1.00 1.00 5.00 40.00 5.00 3.00 -2.00 -8.00
-12.00 -10.00 -1.00 -79.00 -10.00 -2.00 9.00 6.00
0.00 -1.00 -2.00 2.00 -4.00 -2.00 -14.00 -3.00
-1.00 -1.00 3.00 -6.00 -7.00 0.00 3.00 2.00
0.00 -1.00 0.00 -15.00 -13.00 0.00 3.00 1.00
