-3.00 -15.00 -4.00 -1.00 1.00 -1.00 -3.00 -1.00
9.00 7.00 7.00 -2.00 -20.00 1.00 0.00 34.00
-6.00 10.00 -21.00 -7.00 8.00 -1.00 5.00 -5.00
-4.00 -13.00 -4.00 14.00 18.00 -14.00 -8.00 -17.00
14.00 -51.00 -3.00 5.00 -27.00 4.00 4.00 34.00
-34.00 50.00 -65.00 6.00 -6.00 0.00 11.00 -11.00
-28.00 -15.00 23.00 13.00 -35.00 2.00 11.00 2.00
23.00 46.00 -38.00 -35.00 -32.00 -9.00 23.00 -7.00
-19.00 19.00 -38.00 -47.00 -17.00 -8.00 -18.00 29.00
-25.00 83.00 29.00 28.00 15.00 -5.00 -30.00 -55.00
-6.00 24.00 3.00 14.00 -74.00 -10.00 -1.00 56.00
-4.00 -72.00 -5.00 -58.00 49.00 -14.00 -14.00 29.00
-8.00 19.00 39.00 18.00 2.00 -10.00 -7.00 -11.00
-18.00 -26.00 -46.00 27.00 -34.00 0.00 -8.00 -28.00
-7.00 -25.00 9.00 -33.00 12.00 16.00 3.00 -25.00
-20.00 -22.00 17.00 69.00 20.00 1.00 10.00 15.00
-6.00 -54.00 -15.00 49.00 17.00 3.00 -9.00 -23.00
0.00 1.00 5.00 14.00 15.00 -4.00 0.00 -20.00
-4.00 11.00 6.00 -10.00 -35.00 5.00 7.00 9.00
-19.00 -45.00 -36.00 8.00 -56.00 -13.00 4.00 -9.00
6.00 31.00 10.00 23.00 15.00 4.00 -5.00 -19.00
0.00 16.00 24.00 -16.00 22.00 6.00 9.00 4.00
-1.00 -4.00 -4.00 14.00 7.00 -3.00 -11.00 -11.00
10.00 4.00 7.00 8.00 8.00 6.00 10.00 6.00
-7.00 -7.00 5.00 68.00 -3.00 -3.00 3.00 -2.00
-4.00 -1.00 8.00 -5.00 7.00 0.00 -1.00 -1.00
0.00 -4.00 -10.00 48.00 2.00 1.00 -4.00 -5.00
-2.00 -15.00 2.00 -7.00 -15.00 -8.00 1.00 -2.00
-2.00 4.00 5.00 15.00 -8.00 -7.00 -4.00 -5.00
1.00 3.00 5.00 0.00 11.00 0.00 8.00 10.00
1.00 -2.00 -4.00 4.00 3.00 2.00 3.00 1.00
