-1.00 -1.00 -1.00 4.00 -8.00 -4.00 4.00 5.00
1.00 -3.00 -3.00 -10.00 -6.00 -5.00 1.00 7.00
0.00 -1.00 0.00 0.00 -6.00 0.00 12.00 11.00
-1.00 -2.00 2.00 1.00 2.00 2.00 21.00 10.00
0.00 -2.00 -2.00 7.00 -8.00 -1.00 -5.00 -17.00
1.00 -9.00 -2.00 -11.00 -12.00 1.00 8.00 -26.00
-2.00 3.00 -1.00 -2.00 -10.00 9.00 -10.00 7.00
9.00 -2.00 -6.00 2.00 -14.00 -4.00 -1.00 31.00
-22.00 12.00 12.00 -6.00 -21.00 14.00 -11.00 -66.00
-18.00 1.00 42.00 13.00 32.00 10.00 -35.00 -75.00
5.00 -62.00 -53.00 -5.00 13.00 2.00 1.00 62.00
-5.00 -24.00 3.00 13.00 -24.00 5.00 -7.00 -23.00
3.00 59.00 21.00 24.00 -78.00 -2.00 38.00 127.00
77.00 53.00 -18.00 -17.00 -79.00 -35.00 -79.00 -66.00
-26.00 15.00 13.00 -2.00 -24.00 1.00 18.00 85.00
26.00 56.00 1.00 -22.00 -55.00 14.00 -4.00 100.00
23.00 11.00 -6.00 -37.00 43.00 -28.00 -20.00 13.00
-98.00 -59.00 -6.00 -1.00 -101.00 12.00 81.00 93.00
25.00 -20.00 3.00 -25.00 -55.00 -12.00 13.00 27.00
-23.00 -35.00 -6.00 8.00 -19.00 -9.00 -13.00 -125.00
-16.00 -1.00 2.00 1.00 -65.00 -17.00 0.00 -98.00
-18.00 22.00 11.00 38.00 -89.00 -30.00 3.00 41.00
-23.00 -5.00 16.00 2.00 -2.00 15.00 39.00 16.00
-16.00 15.00 11.00 8.00 -81.00 -20.00 -5.00 -7.00
-7.00 -1.00 -6.00 36.00 -51.00 -2.00 -3.00 -54.00
38.00 89.00 31.00 -14.00 0.00 -12.00 -17.00 57.00
-37.00 -19.00 11.00 6.00 -25.00 -7.00 9.00 -67.00
-7.00 -30.00 13.00 -15.00 -128.00 -39.00 -23.00 7.00
-6.00 -7.00 10.00 9.00 20.00 3.00 7.00 50.00
-5.00 -71.00 -17.00 -74.00 39.00 -5.00 10.00 74.00
13.00 -10.00 -13.00 -5.00 82.00 42.00 12.00 8.00
-7.00 9.00 -5.00 -19.00 10.00 -7.00 -13.00 -4.00
-16.00 -5.00 14.00 87.00 42.00 5.00 -14.00 20.00
14.00 5.00 12.00 33.00 17.00 3.00 -10.00 18.00
-3.00 -4.00 -14.00 -23.00 -29.00 -13.00 8.00 2.00
-3.00 -4.00 -18.00 -122.00 2.00 6.00 11.00 4.00
-4.00 -7.00 -14.00 -33.00 -8.00 -3.00 14.00 10.00
0.00 3.00 21.00 28.00 -6.00 -3.00 1.00 8.00
-3.00 -2.00 1.00 88.00 -6.00 -4.00 8.00 -4.00
-3.00 6.00 7.00 6.00 4.00 -1.00 -3.00 -2.00
-6.00 -5.00 -5.00 19.00 4.00 -2.00 4.00 6.00
2.00 2.00 5.00 -24.00 -1.00 0.00 -4.00 -5.00
-2.00 -3.00 -11.00 -41.00 8.00 7.00 2.00 0.00
-3.00 2.00 9.00 -2.00 0.00 -1.00 3.00 1.00
0.00 -4.00 -4.00 -73.00 -5.00 -4.00 -19.00 -5.00
-3.00 1.00 -7.00 6.00 -3.00 -2.00 -4.00 -3.00
