-1.00 -1.00 -3.00 -4.00 -4.00 -3.00 -8.00 -2.00
2.00 0.00 -4.00 -3.00 1.00 2.00 13.00 8.00
-2.00 1.00 -4.00 -3.00 0.00 1.00 0.00 0.00
2.00 4.00 -2.00 8.00 -1.00 -4.00 -4.00 1.00
6.00 19.00 4.00 -5.00 0.00 2.00 4.00 0.00
-6.00 -23.00 -6.00 -10.00 -10.00 -8.00 -5.00 -10.00
0.00 24.00 -26.00 -41.00 22.00 7.00 -5.00 4.00
-14.00 -108.00 0.00 35.00 -24.00 -10.00 -5.00 21.00
-11.00 -82.00 -37.00 3.00 6.00 13.00 -1.00 -46.00
20.00 -39.00 13.00 -31.00 48.00 -1.00 -12.00 67.00
-19.00 -53.00 -69.00 14.00 26.00 9.00 -13.00 -23.00
18.00 6.00 -50.00 0.00 -4.00 -5.00 -3.00 -22.00
-29.00 124.00 -25.00 -12.00 5.00 -4.00 -20.00 -66.00
2.00 127.00 54.00 13.00 57.00 10.00 -17.00 -76.00
45.00 27.00 -23.00 -52.00 82.00 10.00 -20.00 -14.00
65.00 -102.00 -56.00 21.00 -5.00 -2.00 25.00 58.00
24.00 -36.00 -27.00 32.00 -57.00 -12.00 -12.00 10.00
-32.00 -32.00 -24.00 -90.00 -13.00 0.00 -18.00 -7.00
-57.00 -102.00 1.00 -41.00 -29.00 -12.00 22.00 8.00
39.00 104.00 -13.00 51.00 33.00 2.00 -9.00 7.00
21.00 -59.00 -28.00 -20.00 9.00 0.00 3.00 -8.00
62.00 127.00 55.00 21.00 34.00 31.00 -5.00 34.00
-4.00 -32.00 -8.00 -41.00 80.00 18.00 -10.00 -29.00
-9.00 69.00 6.00 -52.00 -35.00 -17.00 7.00 -5.00
-43.00 -49.00 -75.00 -23.00 -7.00 -14.00 -32.00 14.00
-14.00 -82.00 -36.00 19.00 -6.00 -11.00 17.00 16.00
11.00 -36.00 -34.00 91.00 85.00 -10.00 3.00 3.00
14.00 89.00 53.00 33.00 -33.00 4.00 7.00 29.00
-14.00 -49.00 -18.00 20.00 -40.00 -12.00 -34.00 -7.00
6.00 -14.00 10.00 -46.00 -44.00 -3.00 -45.00 -19.00
-11.00 -2.00 -2.00 -19.00 -26.00 -2.00 -6.00 -7.00
-2.00 1.00 13.00 69.00 -15.00 -8.00 -17.00 -15.00
3.00 0.00 2.00 -50.00 -2.00 1.00 10.00 5.00
-11.00 -2.00 2.00 53.00 -4.00 -1.00 -16.00 4.00
1.00 -2.00 -1.00 4.00 -6.00 -4.00 23.00 7.00
2.00 4.00 -1.00 -13.00 -2.00 3.00 0.00 -3.00
-1.00 2.00 2.00 51.00 -2.00 -2.00 3.00 1.00
-2.00 -2.00 -9.00 -59.00 2.00 3.00 9.00 -23.00
2.00 -1.00 -5.00 19.00 1.00 -2.00 -6.00 -1.00
-4.00 1.00 0.00 -17.00 -4.00 -1.00 3.00 -19.00
0.00 -1.00 -2.00 34.00 0.00 1.00 21.00 13.00
0.00 2.00 3.00 6.00 -2.00 3.00 -4.00 1.00
-1.00 -2.00 0.00 21.00 2.00 -3.00 -8.00 -2.00
-4.00 -2.00 -3.00 6.00 -5.00 -6.00 -3.00 -5.00
-1.00 0.00 -1.00 17.00 1.00 2.00 1.00 3.00
-1.00 0.00 1.00 -2.00 2.00 0.00 -1.00 1.00
