-2.00 17.00 3.00 -9.00 -7.00 -4.00 -4.00 -7.00
1.00 7.00 -2.00 -3.00 -4.00 -1.00 -4.00 3.00
-3.00 -7.00 2.00 -8.00 8.00 -5.00 -2.00 1.00
-2.00 48.00 -1.00 -7.00 17.00 -1.00 -5.00 1.00
-11.00 8.00 32.00 -8.00 -39.00 3.00 -10.00 -5.00
-2.00 19.00 -49.00 40.00 26.00 13.00 -9.00 14.00
-15.00 9.00 23.00 -3.00 25.00 -8.00 -17.00 -89.00
-17.00 -9.00 -52.00 20.00 -99.00 -25.00 -2.00 25.00
-37.00 -5.00 -30.00 -7.00 89.00 -4.00 3.00 -12.00
-4.00 53.00 78.00 -46.00 -22.00 8.00 4.00 106.00
-3.00 -126.00 4.00 -24.00 -44.00 5.00 45.00 52.00
-18.00 -65.00 33.00 3.00 -83.00 -17.00 5.00 77.00
-44.00 -128.00 -59.00 -40.00 -81.00 -26.00 -44.00 -93.00
18.00 -98.00 22.00 -5.00 23.00 4.00 30.00 6.00
-6.00 127.00 -65.00 10.00 127.00 22.00 5.00 60.00
-8.00 103.00 37.00 -37.00 86.00 11.00 -31.00 -48.00
-7.00 30.00 127.00 37.00 -61.00 -23.00 0.00 -14.00
-41.00 -128.00 -88.00 27.00 -128.00 -20.00 0.00 -3.00
0.00 -120.00 -128.00 39.00 21.00 -11.00 -5.00 90.00
-9.00 -26.00 -35.00 -39.00 -57.00 -6.00 -7.00 83.00
-1.00 -32.00 -39.00 42.00 -30.00 -4.00 3.00 -26.00
-5.00 31.00 -4.00 -33.00 -26.00 13.00 26.00 -6.00
55.00 82.00 48.00 20.00 -77.00 -16.00 1.00 -26.00
-21.00 39.00 15.00 75.00 28.00 -1.00 -1.00 5.00
21.00 74.00 -51.00 -76.00 87.00 22.00 10.00 -47.00
-21.00 -26.00 1.00 -27.00 37.00 0.00 -37.00 -16.00
-29.00 -6.00 -49.00 -18.00 -77.00 -35.00 -72.00 33.00
-23.00 11.00 -17.00 -125.00 17.00 16.00 39.00 25.00
-13.00 -9.00 11.00 17.00 11.00 2.00 -11.00 -8.00
-21.00 -9.00 -14.00 -8.00 -4.00 -2.00 -18.00 -6.00
-5.00 0.00 6.00 8.00 -20.00 -10.00 -18.00 -11.00
5.00 2.00 14.00 52.00 13.00 13.00 6.00 8.00
-7.00 -4.00 6.00 18.00 1.00 -6.00 -26.00 -4.00
-2.00 -7.00 -8.00 29.00 -14.00 -3.00 11.00 7.00
3.00 8.00 3.00 -58.00 0.00 -1.00 0.00 -3.00
5.00 3.00 12.00 -6.00 1.00 -2.00 13.00 8.00
-2.00 -9.00 -5.00 -25.00 3.00 -3.00 -11.00 -7.00
0.00 -5.00 1.00 15.00 2.00 12.00 10.00 -7.00
12.00 -3.00 -3.00 25.00 -10.00 -4.00 -5.00 9.00
-1.00 -2.00 -1.00 -2.00 3.00 2.00 -2.00 1.00
2.00 6.00 19.00 12.00 -7.00 -6.00 -2.00 -6.00
