0.00 -2.00 -3.00 -14.00 -6.00 0.00 0.00 -2.00
7.00 -1.00 -5.00 -3.00 3.00 -2.00 -2.00 -4.00
12.00 3.00 7.00 11.00 3.00 1.00 -1.00 14.00
19.00 0.00 0.00 13.00 -1.00 -2.00 5.00 4.00
2.00 49.00 20.00 -3.00 12.00 6.00 6.00 -11.00
-20.00 -80.00 -58.00 12.00 17.00 4.00 3.00 60.00
-9.00 24.00 24.00 42.00 59.00 14.00 -4.00 -76.00
-29.00 -62.00 -4.00 31.00 35.00 30.00 16.00 6.00
10.00 -13.00 34.00 80.00 18.00 -17.00 -62.00 -74.00
-16.00 -61.00 -27.00 -56.00 18.00 2.00 10.00 -39.00
47.00 100.00 -31.00 -75.00 -16.00 9.00 8.00 32.00
11.00 81.00 39.00 108.00 -28.00 -11.00 2.00 46.00
-25.00 70.00 -62.00 116.00 14.00 -14.00 -38.00 -1.00
-2.00 -28.00 9.00 119.00 -52.00 -2.00 -5.00 -10.00
-12.00 -9.00 75.00 0.00 57.00 -12.00 -16.00 6.00
50.00 15.00 24.00 -38.00 40.00 21.00 -10.00 61.00
-19.00 -84.00 -66.00 19.00 -65.00 9.00 21.00 -5.00
38.00 108.00 76.00 45.00 -32.00 -5.00 -9.00 -20.00
12.00 19.00 23.00 17.00 18.00 -23.00 -17.00 -15.00
-1.00 -84.00 -40.00 -92.00 2.00 -7.00 -30.00 33.00
3.00 95.00 38.00 17.00 22.00 3.00 -15.00 -9.00
-4.00 -13.00 -5.00 60.00 20.00 16.00 22.00 -17.00
25.00 13.00 2.00 93.00 90.00 16.00 12.00 41.00
8.00 -25.00 8.00 -15.00 -92.00 -14.00 60.00 15.00
2.00 3.00 -13.00 -10.00 27.00 0.00 0.00 -51.00
9.00 108.00 40.00 61.00 -93.00 -23.00 -7.00 -9.00
-11.00 -74.00 -54.00 -21.00 -62.00 -13.00 14.00 37.00
-15.00 33.00 -25.00 -66.00 -22.00 -12.00 -5.00 -25.00
-14.00 -91.00 10.00 -23.00 -27.00 2.00 44.00 12.00
19.00 16.00 -6.00 127.00 -12.00 -11.00 -32.00 -2.00
73.00 17.00 5.00 -105.00 -12.00 4.00 14.00 22.00
-10.00 -6.00 3.00 -46.00 1.00 -6.00 -3.00 -9.00
-6.00 -4.00 -10.00 -10.00 -4.00 0.00 0.00 7.00
-3.00 -4.00 -4.00 41.00 9.00 -10.00 -8.00 -3.00
-2.00 -5.00 0.00 32.00 -8.00 -1.00 -18.00 -9.00
-2.00 -1.00 -15.00 -56.00 -14.00 -9.00 -2.00 3.00
-2.00 -1.00 -1.00 -48.00 0.00 10.00 24.00 13.00
-1.00 0.00 -8.00 15.00 -1.00 -2.00 -7.00 3.00
1.00 0.00 7.00 25.00 4.00 4.00 13.00 2.00
0.00 5.00 3.00 4.00 1.00 1.00 4.00 -2.00
-3.00 -1.00 1.00 42.00 -5.00 1.00 1.00 2.00
