-2.00 -4.00 -3.00 3.00 -2.00 -4.00 -4.00 -3.00
-1.00 -2.00 -3.00 3.00 8.00 0.00 3.00 -1.00
-3.00 -11.00 2.00 -3.00 -5.00 0.00 5.00 0.00
-3.00 -23.00 -7.00 9.00 1.00 2.00 0.00 -5.00
-2.00 20.00 13.00 15.00 -23.00 -3.00 -1.00 1.00
-19.00 -94.00 -11.00 -2.00 3.00 -16.00 -37.00 -86.00
2.00 -72.00 6.00 30.00 -17.00 11.00 -6.00 50.00
12.00 -118.00 -27.00 -58.00 45.00 15.00 3.00 52.00
9.00 20.00 8.00 43.00 6.00 -2.00 -5.00 -1.00
-17.00 -77.00 -20.00 9.00 36.00 -12.00 -4.00 -24.00
27.00 -116.00 -15.00 -35.00 36.00 4.00 0.00 20.00
-27.00 -28.00 -46.00 27.00 -7.00 -19.00 -4.00 13.00
4.00 52.00 -23.00 -36.00 -12.00 -7.00 -4.00 -25.00
12.00 40.00 14.00 -22.00 -30.00 0.00 38.00 4.00
-10.00 -85.00 -20.00 48.00 -11.00 -8.00 -16.00 -54.00
-17.00 0.00 -43.00 -79.00 26.00 24.00 32.00 23.00
-7.00 -83.00 -55.00 22.00 -19.00 -11.00 28.00 -17.00
5.00 -44.00 31.00 -22.00 -3.00 14.00 19.00 -15.00
-12.00 1.00 30.00 -1.00 -90.00 3.00 -10.00 10.00
26.00 99.00 43.00 54.00 19.00 9.00 43.00 10.00
27.00 26.00 -2.00 32.00 -42.00 -18.00 2.00 34.00
26.00 66.00 33.00 -90.00 40.00 8.00 21.00 7.00
-5.00 -41.00 -30.00 34.00 12.00 -5.00 -32.00 -3.00
-19.00 -23.00 -11.00 27.00 8.00 10.00 22.00 15.00
-2.00 -15.00 2.00 -30.00 10.00 12.00 30.00 12.00
-2.00 0.00 10.00 59.00 -4.00 1.00 3.00 3.00
17.00 3.00 -2.00 -41.00 7.00 6.00 6.00 9.00
-4.00 -1.00 -6.00 -16.00 -7.00 -5.00 -14.00 -9.00
-1.00 -3.00 -7.00 -81.00 -5.00 1.00 -6.00 -4.00
3.00 -1.00 -5.00 -4.00 1.00 -4.00 -12.00 -4.00
-1.00 -3.00 -2.00 9.00 1.00 1.00 8.00 3.00
-2.00 2.00 7.00 -6.00 1.00 -1.00 -7.00 -10.00
-2.00 -2.00 -14.00 -35.00 -11.00 -2.00 -6.00 -3.00
-1.00 -2.00 3.00 5.00 -2.00 -2.00 -3.00 4.00
-2.00 -3.00 2.00 8.00 10.00 2.00 0.00 0.00
-1.00 4.00 5.00 31.00 -6.00 -5.00 -2.00 -3.00
