0.00 5.00 2.00 1.00 1.00 -2.00 -7.00 -1.00
-2.00 -8.00 2.00 -8.00 0.00 4.00 2.00 2.00
0.00 -28.00 -9.00 -17.00 -9.00 3.00 12.00 -6.00
-1.00 -3.00 5.00 6.00 -9.00 2.00 -12.00 -4.00
8.00 18.00 -6.00 -5.00 27.00 5.00 -7.00 -7.00
-1.00 27.00 1.00 -27.00 -19.00 -9.00 4.00 11.00
6.00 10.00 21.00 41.00 3.00 10.00 17.00 11.00
-3.00 0.00 -5.00 -44.00 -5.00 -3.00 -6.00 -2.00
27.00 70.00 22.00 32.00 -85.00 -9.00 12.00 96.00
-15.00 -35.00 -9.00 17.00 8.00 -7.00 -7.00 -10.00
-12.00 61.00 28.00 23.00 -43.00 -5.00 -5.00 -32.00
-5.00 -17.00 7.00 27.00 35.00 2.00 -9.00 -20.00
-7.00 -83.00 17.00 -22.00 48.00 9.00 -6.00 4.00
50.00 64.00 -56.00 -1.00 54.00 18.00 8.00 6.00
16.00 68.00 -19.00 -91.00 39.00 -7.00 -18.00 -10.00
22.00 -66.00 108.00 -75.00 -39.00 -17.00 -2.00 36.00
-13.00 39.00 -50.00 -46.00 49.00 4.00 5.00 -26.00
-19.00 82.00 -15.00 4.00 -26.00 -9.00 1.00 56.00
89.00 51.00 68.00 24.00 46.00 13.00 2.00 -2.00
-23.00 34.00 42.00 70.00 -8.00 -3.00 3.00 16.00
10.00 21.00 27.00 -58.00 -126.00 -30.00 -8.00 -16.00
5.00 21.00 -2.00 46.00 37.00 13.00 5.00 47.00
-3.00 0.00 -6.00 45.00 -84.00 -13.00 10.00 5.00
-22.00 116.00 52.00 37.00 27.00 -2.00 -11.00 -19.00
-1.00 -2.00 -1.00 35.00 60.00 8.00 -10.00 8.00
50.00 37.00 19.00 81.00 7.00 -14.00 0.00 23.00
-11.00 -7.00 34.00 19.00 32.00 1.00 -6.00 -34.00
54.00 -73.00 -9.00 24.00 65.00 23.00 21.00 16.00
10.00 -11.00 13.00 7.00 33.00 5.00 13.00 46.00
-15.00 24.00 13.00 -7.00 -16.00 0.00 -8.00 -7.00
5.00 37.00 7.00 -51.00 -13.00 0.00 -7.00 20.00
-4.00 1.00 -12.00 -88.00 -13.00 -8.00 0.00 -5.00
1.00 4.00 -2.00 -55.00 -6.00 0.00 -10.00 -3.00
1.00 0.00 4.00 48.00 6.00 2.00 1.00 -3.00
0.00 -3.00 -4.00 23.00 -12.00 -3.00 0.00 -3.00
2.00 3.00 6.00 52.00 6.00 2.00 0.00 1.00
1.00 -1.00 -3.00 -23.00 2.00 -2.00 5.00 5.00
1.00 -3.00 -2.00 21.00 1.00 -3.00 -4.00 0.00
-4.00 -2.00 -4.00 21.00 -17.00 -8.00 12.00 5.00
0.00 3.00 9.00 37.00 2.00 2.00 2.00 0.00
3.00 1.00 -1.00 -22.00 9.00 4.00 9.00 8.00
0.00 -4.00 -15.00 -65.00 -9.00 -3.00 2.00 9.00
0.00 3.00 9.00 16.00 0.00 1.00 -8.00 -7.00
-2.00 -1.00 5.00 80.00 -5.00 -1.00 2.00 -1.00
0.00 -2.00 -2.00 3.00 2.00 0.00 2.00 -1.00
-1.00 -1.00 0.00 -1.00 -1.00 -4.00 -2.00 -2.00
-1.00 -4.00 0.00 12.00 -2.00 -7.00 -12.00 -5.00
-1.00 -1.00 -3.00 -1.00 2.00 -1.00 -2.00 -3.00
0.00 2.00 6.00 -30.00 -3.00 -4.00 -4.00 4.00
1.00 -4.00 -14.00 -80.00 -24.00 -7.00 -13.00 -6.00
0.00 -1.00 -3.00 -9.00 3.00 5.00 21.00 8.00
-3.00 -2.00 -4.00 -14.00 4.00 -1.00 2.00 -6.00
2.00 0.00 -5.00 -104.00 3.00 4.00 9.00 9.00
2.00 -3.00 -1.00 -9.00 -1.00 2.00 0.00 -5.00
1.00 2.00 4.00 51.00 1.00 0.00 -5.00 -3.00
2.00 2.00 -5.00 29.00 5.00 1.00 7.00 7.00
0.00 -3.00 -3.00 -1.00 6.00 3.00 -5.00 3.00
2.00 -1.00 5.00 30.00 4.00 4.00 9.00 -3.00
-2.00 -4.00 1.00 13.00 5.00 4.00 -9.00 -8.00
0.00 1.00 4.00 -22.00 -3.00 -2.00 -6.00 -6.00
0.00 -1.00 -3.00 -34.00 0.00 1.00 -4.00 -2.00
