-1.00 -1.00 -2.00 5.00 0.00 -3.00 0.00 -3.00
2.00 12.00 5.00 1.00 -1.00 1.00 -1.00 0.00
0.00 12.00 1.00 3.00 -2.00 -1.00 1.00 -2.00
-2.00 -4.00 -10.00 -3.00 4.00 -2.00 -1.00 -1.00
-3.00 -6.00 -7.00 -4.00 -15.00 -2.00 0.00 -2.00
-1.00 1.00 0.00 0.00 -2.00 -3.00 1.00 -3.00
-1.00 -12.00 -11.00 1.00 11.00 -2.00 0.00 1.00
-14.00 -92.00 -22.00 1.00 35.00 -1.00 -3.00 0.00
-4.00 48.00 -31.00 4.00 -27.00 -13.00 -7.00 5.00
12.00 54.00 46.00 33.00 15.00 -8.00 6.00 4.00
1.00 82.00 -37.00 -8.00 -21.00 -17.00 -15.00 -91.00
-16.00 74.00 95.00 10.00 -93.00 -11.00 -5.00 19.00
17.00 -73.00 40.00 2.00 -37.00 -11.00 -15.00 -47.00
-29.00 -128.00 39.00 7.00 94.00 4.00 -8.00 -32.00
15.00 -36.00 11.00 67.00 6.00 6.00 2.00 7.00
1.00 0.00 10.00 -14.00 -10.00 1.00 8.00 -2.00
7.00 -10.00 -7.00 -44.00 -7.00 -1.00 0.00 2.00
1.00 1.00 6.00 -39.00 -2.00 1.00 -3.00 2.00
2.00 -1.00 1.00 21.00 -5.00 -2.00 1.00 1.00
-2.00 1.00 0.00 7.00 -1.00 -2.00 0.00 -2.00
0.00 -2.00 -1.00 -19.00 1.00 2.00 -1.00 -1.00
-2.00 1.00 -1.00 16.00 -3.00 -1.00 5.00 -1.00
-1.00 -2.00 -1.00 -2.00 -1.00 -1.00 -2.00 -1.00
0.00 -1.00 -3.00 -6.00 -1.00 -2.00 -3.00 -1.00
-1.00 1.00 1.00 -3.00 -2.00 0.00 0.00 2.00
-1.00 -2.00 -5.00 -3.00 -3.00 -1.00 -1.00 1.00
