0.00 -1.00 2.00 11.00 0.00 -4.00 -3.00 0.00
0.00 -4.00 0.00 4.00 1.00 3.00 -2.00 -1.00
-1.00 0.00 1.00 10.00 3.00 -1.00 0.00 0.00
-49.00 -25.00 -24.00 -15.00 -69.00 -27.00 -5.00 -12.00
-1.00 -6.00 0.00 60.00 46.00 -14.00 -8.00 -5.00
-45.00 2.00 2.00 15.00 -25.00 2.00 -8.00 -21.00
5.00 1.00 4.00 -69.00 54.00 2.00 3.00 9.00
14.00 4.00 1.00 23.00 0.00 1.00 2.00 4.00
19.00 9.00 1.00 -28.00 -7.00 -2.00 2.00 -1.00
-3.00 -6.00 4.00 14.00 19.00 6.00 2.00 1.00
-22.00 -4.00 -9.00 -77.00 -80.00 -17.00 -9.00 -9.00
-15.00 0.00 -1.00 0.00 5.00 7.00 4.00 5.00
-22.00 0.00 -6.00 -60.00 -62.00 10.00 5.00 7.00
3.00 1.00 -5.00 -26.00 -64.00 -13.00 -5.00 -7.00
4.00 -3.00 -6.00 -16.00 61.00 -6.00 -3.00 2.00
-4.00 1.00 4.00 -16.00 20.00 2.00 1.00 0.00
-8.00 -9.00 1.00 -10.00 8.00 -1.00 -3.00 -2.00
-4.00 0.00 1.00 40.00 23.00 -4.00 -2.00 0.00
-5.00 -1.00 -3.00 -4.00 -3.00 3.00 -3.00 -1.00
0.00 -1.00 1.00 -1.00 -10.00 2.00 2.00 -1.00
0.00 0.00 -3.00 1.00 12.00 2.00 0.00 -1.00
-3.00 -1.00 -3.00 25.00 13.00 -2.00 -2.00 -1.00
-1.00 0.00 0.00 8.00 2.00 1.00 -1.00 -1.00
-1.00 -1.00 2.00 7.00 0.00 -2.00 -1.00 -3.00
0.00 -2.00 -3.00 6.00 10.00 3.00 -1.00 -1.00
0.00 -1.00 0.00 -35.00 -5.00 -2.00 -1.00 -1.00
0.00 -1.00 -2.00 2.00 -10.00 -3.00 -1.00 0.00
-2.00 1.00 -3.00 2.00 2.00 0.00 0.00 0.00
-1.00 1.00 -3.00 -1.00 -3.00 -2.00 0.00 -1.00
0.00 0.00 -3.00 -6.00 -1.00 0.00 -2.00 0.00
-2.00 -2.00 0.00 9.00 1.00 -3.00 -1.00 -1.00
