-2.00 -1.00 -1.00 -8.00 -5.00 -1.00 0.00 1.00
1.00 -1.00 1.00 -17.00 -5.00 -4.00 1.00 0.00
-31.00 -23.00 -9.00 -2.00 -15.00 -3.00 -4.00 -2.00
-8.00 -16.00 -3.00 88.00 -39.00 -19.00 -17.00 -14.00
-49.00 6.00 -1.00 -128.00 34.00 1.00 0.00 -39.00
42.00 24.00 33.00 53.00 4.00 -7.00 -8.00 -24.00
-19.00 -5.00 -46.00 106.00 29.00 11.00 -6.00 -16.00
-79.00 -4.00 -19.00 -55.00 26.00 -10.00 -12.00 -20.00
127.00 6.00 -72.00 -65.00 84.00 -22.00 -10.00 37.00
36.00 2.00 -9.00 43.00 -8.00 12.00 9.00 50.00
127.00 3.00 46.00 -23.00 -48.00 10.00 -7.00 19.00
120.00 -14.00 -13.00 127.00 3.00 -35.00 -11.00 75.00
-31.00 -14.00 38.00 83.00 64.00 1.00 3.00 -1.00
-113.00 -35.00 -97.00 9.00 40.00 8.00 3.00 37.00
36.00 2.00 18.00 25.00 67.00 32.00 20.00 37.00
99.00 60.00 18.00 -96.00 -74.00 -20.00 -3.00 -16.00
-89.00 -45.00 -9.00 -65.00 55.00 9.00 -13.00 -29.00
-70.00 -3.00 -29.00 33.00 -32.00 -26.00 -18.00 -6.00
-5.00 2.00 5.00 9.00 -22.00 -4.00 1.00 15.00
-8.00 -5.00 -3.00 3.00 -12.00 -11.00 -7.00 -8.00
-3.00 -4.00 -3.00 -1.00 -4.00 1.00 1.00 6.00
