0.00 0.00 -1.00 -1.00 -3.00 -4.00 -1.00 -1.00
0.00 -2.00 -2.00 3.00 25.00 -4.00 -2.00 -2.00
-1.00 -1.00 -2.00 -1.00 -10.00 -2.00 1.00 -1.00
9.00 2.00 -12.00 53.00 30.00 4.00 2.00 0.00
-30.00 -11.00 -31.00 -62.00 19.00 9.00 5.00 20.00
118.00 36.00 62.00 36.00 20.00 -20.00 9.00 -16.00
-53.00 -19.00 20.00 -60.00 -65.00 10.00 44.00 22.00
-63.00 16.00 -16.00 -38.00 -10.00 -6.00 -2.00 30.00
81.00 -26.00 -26.00 81.00 -59.00 -8.00 -14.00 2.00
91.00 3.00 38.00 -18.00 -22.00 -8.00 25.00 9.00
-15.00 -9.00 -47.00 -77.00 -48.00 -42.00 -8.00 -36.00
-64.00 -20.00 -10.00 -86.00 11.00 -20.00 55.00 75.00
45.00 -13.00 61.00 -17.00 42.00 3.00 -56.00 -53.00
107.00 -3.00 23.00 81.00 102.00 33.00 23.00 -84.00
21.00 35.00 106.00 127.00 115.00 56.00 64.00 23.00
23.00 -21.00 -58.00 23.00 27.00 35.00 2.00 -40.00
68.00 -1.00 -53.00 1.00 -51.00 -42.00 3.00 -39.00
26.00 -5.00 32.00 57.00 -18.00 -55.00 -20.00 5.00
-1.00 -18.00 -22.00 -22.00 -42.00 -71.00 -19.00 -66.00
-56.00 -15.00 -7.00 -43.00 -35.00 16.00 4.00 -95.00
-29.00 12.00 50.00 75.00 -17.00 -42.00 -20.00 44.00
38.00 -1.00 -37.00 -45.00 10.00 -46.00 -12.00 14.00
73.00 24.00 45.00 46.00 10.00 -96.00 -23.00 -7.00
126.00 8.00 -78.00 -111.00 62.00 49.00 21.00 76.00
32.00 23.00 22.00 77.00 -6.00 47.00 4.00 32.00
-61.00 -4.00 -35.00 -12.00 -9.00 -83.00 -18.00 -24.00
-20.00 -39.00 -50.00 -65.00 58.00 70.00 12.00 -4.00
-5.00 -127.00 10.00 3.00 25.00 9.00 4.00 6.00
0.00 17.00 17.00 10.00 -23.00 -8.00 4.00 4.00
-1.00 -2.00 6.00 -1.00 -18.00 3.00 2.00 2.00
0.00 0.00 3.00 4.00 -11.00 5.00 3.00 0.00
