0.00 -3.00 -1.00 3.00 0.00 -1.00 1.00 -1.00
0.00 0.00 -1.00 6.00 -3.00 -5.00 -2.00 -3.00
0.00 1.00 -2.00 -3.00 -4.00 0.00 2.00 -1.00
-4.00 -3.00 -3.00 -19.00 -6.00 -1.00 -1.00 0.00
-2.00 0.00 4.00 10.00 3.00 1.00 -2.00 0.00
3.00 -1.00 4.00 68.00 18.00 1.00 0.00 -2.00
-8.00 -3.00 6.00 40.00 9.00 0.00 -2.00 0.00
3.00 4.00 6.00 -37.00 17.00 10.00 2.00 0.00
-2.00 4.00 2.00 -6.00 -12.00 -1.00 0.00 -1.00
5.00 4.00 0.00 10.00 -5.00 -3.00 -2.00 -2.00
8.00 5.00 -6.00 -18.00 -25.00 -4.00 -3.00 -1.00
-9.00 1.00 4.00 50.00 16.00 5.00 1.00 1.00
-41.00 -9.00 -3.00 8.00 -17.00 -4.00 -3.00 -9.00
12.00 -3.00 -8.00 -91.00 -9.00 -10.00 -4.00 2.00
-10.00 -3.00 -2.00 -44.00 -3.00 -11.00 -7.00 -2.00
-3.00 2.00 3.00 94.00 31.00 4.00 1.00 2.00
53.00 21.00 0.00 -24.00 8.00 4.00 2.00 3.00
5.00 -2.00 -2.00 -89.00 2.00 -4.00 -1.00 5.00
-24.00 -5.00 -11.00 -85.00 -51.00 4.00 2.00 -2.00
-6.00 -15.00 11.00 125.00 -20.00 -11.00 -7.00 -3.00
-5.00 -12.00 -4.00 -1.00 8.00 -2.00 -2.00 -2.00
-12.00 5.00 5.00 -4.00 10.00 7.00 3.00 3.00
11.00 3.00 3.00 4.00 -12.00 1.00 1.00 0.00
5.00 2.00 3.00 19.00 -9.00 -1.00 -1.00 -1.00
-1.00 0.00 1.00 7.00 2.00 0.00 -2.00 1.00
-1.00 -1.00 2.00 5.00 2.00 -3.00 -1.00 0.00
0.00 -1.00 0.00 -9.00 -5.00 -5.00 -1.00 -1.00
-2.00 -3.00 -2.00 -4.00 -12.00 -7.00 0.00 -1.00
-1.00 -2.00 -4.00 1.00 -8.00 -2.00 0.00 -2.00
0.00 -1.00 -1.00 -17.00 -7.00 -4.00 0.00 1.00
0.00 0.00 2.00 4.00 -5.00 -3.00 0.00 1.00
-2.00 -5.00 1.00 5.00 3.00 1.00 1.00 -2.00
-2.00 0.00 -4.00 -5.00 -3.00 2.00 -1.00 -3.00
0.00 1.00 0.00 -15.00 -7.00 -2.00 -2.00 -1.00
1.00 1.00 1.00 -19.00 1.00 1.00 0.00 0.00
-2.00 -1.00 -1.00 12.00 -1.00 -4.00 -1.00 -3.00
