0.00 -2.00 0.00 -1.00 -2.00 0.00 -1.00 0.00
-2.00 -1.00 -1.00 -6.00 0.00 1.00 -1.00 -1.00
1.00 2.00 -1.00 6.00 -1.00 -2.00 -1.00 -1.00
10.00 4.00 0.00 -12.00 5.00 3.00 6.00 3.00
10.00 8.00 0.00 22.00 3.00 2.00 -5.00 -4.00
-4.00 5.00 7.00 45.00 18.00 5.00 4.00 4.00
6.00 16.00 3.00 -26.00 -23.00 -3.00 1.00 2.00
27.00 -1.00 -2.00 -4.00 -15.00 0.00 0.00 -2.00
-13.00 1.00 -1.00 -34.00 7.00 1.00 0.00 1.00
3.00 -2.00 -9.00 -70.00 -39.00 7.00 3.00 2.00
-38.00 8.00 -4.00 -52.00 -27.00 3.00 2.00 -2.00
0.00 -8.00 -6.00 5.00 -2.00 -3.00 0.00 2.00
-16.00 7.00 28.00 77.00 -3.00 -3.00 -4.00 -2.00
19.00 3.00 -2.00 -2.00 -12.00 -7.00 -1.00 2.00
15.00 -27.00 -20.00 -62.00 -42.00 -9.00 -6.00 -4.00
12.00 5.00 -2.00 34.00 14.00 1.00 -1.00 0.00
6.00 1.00 2.00 23.00 9.00 -2.00 0.00 0.00
2.00 1.00 2.00 -6.00 -1.00 2.00 0.00 1.00
0.00 1.00 -1.00 -2.00 -17.00 9.00 4.00 0.00
-19.00 -3.00 -3.00 -24.00 -14.00 -7.00 -3.00 -3.00
2.00 -3.00 1.00 29.00 4.00 2.00 -4.00 -4.00
-1.00 1.00 -2.00 2.00 13.00 -1.00 1.00 0.00
1.00 1.00 -2.00 3.00 2.00 1.00 0.00 -1.00
0.00 -13.00 -3.00 5.00 41.00 -2.00 -4.00 -2.00
1.00 2.00 3.00 -1.00 5.00 -2.00 -1.00 0.00
0.00 3.00 4.00 4.00 -9.00 -1.00 -2.00 -3.00
-1.00 -3.00 -6.00 17.00 -12.00 -7.00 -3.00 -2.00
-1.00 1.00 0.00 -18.00 0.00 1.00 0.00 1.00
0.00 2.00 4.00 3.00 3.00 -2.00 2.00 0.00
-2.00 -3.00 -4.00 10.00 -2.00 1.00 -1.00 0.00
-1.00 -1.00 -3.00 10.00 -1.00 1.00 -1.00 -3.00
-2.00 -3.00 -3.00 -3.00 -4.00 -3.00 -3.00 0.00
-1.00 -1.00 0.00 -6.00 -1.00 -2.00 0.00 1.00
1.00 1.00 1.00 -10.00 -1.00 2.00 0.00 -1.00
-1.00 1.00 1.00 0.00 1.00 2.00 1.00 0.00
0.00 -1.00 2.00 -6.00 4.00 0.00 0.00 -2.00
