-2.00 0.00 -3.00 -3.00 -11.00 -2.00 -1.00 -1.00
-2.00 -1.00 -1.00 -3.00 -3.00 1.00 -1.00 -2.00
-1.00 -1.00 1.00 -1.00 2.00 2.00 0.00 1.00
2.00 -1.00 0.00 1.00 3.00 5.00 2.00 1.00
1.00 -1.00 -2.00 0.00 -7.00 -1.00 1.00 -2.00
4.00 -1.00 0.00 14.00 -1.00 0.00 -2.00 0.00
2.00 2.00 -1.00 -10.00 -1.00 -4.00 -3.00 -1.00
1.00 0.00 2.00 40.00 -2.00 -3.00 -1.00 -3.00
-21.00 -14.00 -2.00 43.00 -3.00 -1.00 -2.00 -4.00
-1.00 -7.00 -1.00 10.00 17.00 5.00 2.00 4.00
36.00 2.00 9.00 90.00 45.00 -1.00 -2.00 -4.00
14.00 5.00 2.00 -34.00 -9.00 4.00 3.00 2.00
23.00 0.00 1.00 30.00 17.00 4.00 2.00 1.00
-18.00 11.00 -5.00 -28.00 -20.00 3.00 0.00 -4.00
-31.00 2.00 4.00 36.00 15.00 0.00 0.00 -3.00
94.00 14.00 17.00 16.00 -40.00 3.00 4.00 8.00
-56.00 -1.00 -2.00 3.00 -6.00 3.00 0.00 -6.00
-14.00 6.00 6.00 50.00 18.00 -5.00 -1.00 -4.00
-9.00 -6.00 -6.00 -28.00 -17.00 0.00 2.00 3.00
-91.00 -14.00 0.00 7.00 22.00 0.00 -1.00 -9.00
99.00 -2.00 -9.00 -24.00 20.00 -14.00 -8.00 -5.00
-23.00 4.00 2.00 -48.00 -3.00 11.00 3.00 2.00
-18.00 3.00 0.00 32.00 -13.00 -14.00 -3.00 -3.00
6.00 0.00 -2.00 -1.00 5.00 -1.00 7.00 13.00
3.00 0.00 7.00 5.00 -32.00 8.00 2.00 11.00
-6.00 -1.00 -2.00 8.00 2.00 1.00 -2.00 -3.00
-1.00 0.00 -1.00 -1.00 -5.00 -2.00 2.00 2.00
-4.00 -1.00 -3.00 -3.00 -8.00 -3.00 1.00 -3.00
-1.00 -3.00 -2.00 14.00 1.00 1.00 -2.00 1.00
1.00 3.00 1.00 4.00 2.00 -2.00 -2.00 0.00
-1.00 -6.00 -8.00 3.00 -2.00 0.00 0.00 -4.00
