-1.00 1.00 -1.00 -1.00 1.00 -3.00 0.00 -1.00
-1.00 -1.00 1.00 -1.00 -1.00 0.00 1.00 -2.00
-2.00 2.00 0.00 -4.00 -10.00 -3.00 1.00 -1.00
2.00 0.00 0.00 3.00 -3.00 -4.00 -4.00 -1.00
-1.00 -4.00 -4.00 6.00 0.00 -2.00 -7.00 -2.00
9.00 -10.00 -5.00 -2.00 -4.00 3.00 0.00 -3.00
5.00 8.00 10.00 83.00 65.00 8.00 -1.00 8.00
9.00 5.00 8.00 -3.00 5.00 1.00 -19.00 2.00
21.00 -17.00 -10.00 -128.00 -41.00 -6.00 -2.00 -7.00
-64.00 -23.00 -7.00 -6.00 16.00 5.00 2.00 -13.00
-5.00 4.00 2.00 -24.00 2.00 0.00 0.00 1.00
-17.00 -2.00 1.00 -38.00 18.00 -2.00 0.00 -9.00
-30.00 -8.00 1.00 -19.00 7.00 3.00 2.00 -3.00
0.00 -1.00 -2.00 6.00 13.00 -7.00 0.00 1.00
8.00 17.00 5.00 3.00 -26.00 -3.00 0.00 0.00
2.00 -7.00 3.00 52.00 25.00 -8.00 -6.00 -4.00
0.00 9.00 -3.00 -6.00 -5.00 2.00 1.00 1.00
-33.00 -13.00 -6.00 -43.00 0.00 1.00 0.00 -2.00
0.00 -26.00 -7.00 -27.00 -3.00 -7.00 -3.00 -6.00
-3.00 4.00 1.00 38.00 20.00 -2.00 2.00 3.00
-6.00 3.00 3.00 14.00 -18.00 -6.00 -4.00 0.00
-1.00 2.00 2.00 -3.00 1.00 -8.00 0.00 0.00
1.00 -3.00 -1.00 -3.00 11.00 0.00 -2.00 0.00
-2.00 -2.00 2.00 3.00 -12.00 1.00 2.00 -1.00
-1.00 1.00 6.00 -2.00 7.00 3.00 2.00 1.00
0.00 2.00 1.00 2.00 -4.00 0.00 -3.00 -1.00
2.00 -1.00 3.00 -4.00 6.00 3.00 -3.00 0.00
0.00 1.00 3.00 29.00 2.00 -1.00 2.00 0.00
0.00 0.00 -1.00 -12.00 1.00 1.00 0.00 1.00
0.00 -1.00 -2.00 1.00 0.00 -1.00 -2.00 -2.00
-1.00 -3.00 -2.00 1.00 -1.00 1.00 2.00 1.00
0.00 -1.00 1.00 6.00 -4.00 0.00 -1.00 -1.00
-1.00 -3.00 3.00 -7.00 -1.00 -1.00 6.00 0.00
2.00 -1.00 -2.00 2.00 -3.00 -6.00 -2.00 -2.00
-2.00 -2.00 -1.00 0.00 0.00 2.00 0.00 -2.00
-3.00 -3.00 -2.00 3.00 -3.00 -1.00 -2.00 0.00
