-2.00 0.00 -2.00 2.00 -7.00 0.00 -1.00 0.00
-2.00 -1.00 -1.00 4.00 4.00 2.00 0.00 -1.00
-1.00 1.00 -1.00 1.00 3.00 0.00 -1.00 -1.00
-1.00 0.00 5.00 -1.00 -1.00 3.00 1.00 0.00
-1.00 -1.00 -6.00 4.00 2.00 0.00 2.00 1.00
14.00 5.00 4.00 53.00 19.00 0.00 1.00 1.00
14.00 -9.00 -3.00 26.00 -36.00 -13.00 -9.00 -3.00
-12.00 -4.00 -7.00 -49.00 -12.00 -3.00 -6.00 -2.00
8.00 -1.00 4.00 62.00 14.00 -7.00 -6.00 -4.00
-5.00 -1.00 -13.00 -85.00 -26.00 0.00 4.00 -3.00
-18.00 8.00 11.00 20.00 10.00 9.00 4.00 9.00
-35.00 0.00 -2.00 -15.00 16.00 -6.00 -2.00 -2.00
15.00 0.00 -4.00 43.00 24.00 5.00 -1.00 -2.00
-6.00 1.00 -2.00 31.00 51.00 -3.00 -6.00 -18.00
8.00 -1.00 0.00 23.00 -4.00 -2.00 0.00 -2.00
1.00 -2.00 2.00 2.00 -8.00 2.00 0.00 -8.00
3.00 1.00 -1.00 -8.00 -27.00 -2.00 -1.00 1.00
-1.00 -3.00 -1.00 4.00 14.00 -12.00 -5.00 -2.00
1.00 -3.00 1.00 7.00 17.00 -4.00 -3.00 -3.00
1.00 8.00 -1.00 -7.00 -15.00 -2.00 -2.00 -2.00
0.00 -2.00 1.00 -2.00 -13.00 -3.00 0.00 0.00
-3.00 1.00 0.00 -1.00 -5.00 0.00 -3.00 -4.00
0.00 -1.00 3.00 19.00 5.00 0.00 1.00 1.00
0.00 0.00 3.00 32.00 20.00 0.00 -1.00 -1.00
0.00 0.00 -3.00 -15.00 -6.00 -1.00 -1.00 1.00
1.00 -2.00 -1.00 1.00 -13.00 -7.00 -2.00 -2.00
-1.00 0.00 1.00 27.00 4.00 -1.00 -1.00 -1.00
-1.00 1.00 -1.00 7.00 3.00 1.00 1.00 0.00
0.00 -3.00 -7.00 -1.00 -4.00 -1.00 0.00 2.00
1.00 0.00 1.00 -8.00 -6.00 1.00 -1.00 -1.00
-2.00 -3.00 -1.00 4.00 -1.00 -1.00 -2.00 -1.00
