0.00 -1.00 -1.00 0.00 3.00 0.00 1.00 -1.00
-1.00 -2.00 -1.00 -2.00 -5.00 1.00 -2.00 -1.00
0.00 1.00 -2.00 -61.00 -1.00 3.00 2.00 2.00
-39.00 -2.00 -56.00 99.00 11.00 -8.00 -8.00 -12.00
82.00 4.00 -29.00 -109.00 15.00 18.00 6.00 24.00
11.00 -40.00 -65.00 -69.00 2.00 1.00 2.00 12.00
3.00 8.00 4.00 92.00 70.00 -2.00 -4.00 13.00
0.00 -1.00 -37.00 42.00 -7.00 -3.00 5.00 83.00
18.00 3.00 56.00 -97.00 -32.00 -2.00 6.00 69.00
-15.00 60.00 -9.00 76.00 -19.00 -14.00 3.00 39.00
-36.00 -9.00 -4.00 -24.00 -56.00 -13.00 -6.00 -12.00
107.00 -26.00 73.00 6.00 -53.00 -15.00 -5.00 -12.00
42.00 18.00 -62.00 -81.00 24.00 -2.00 18.00 1.00
-57.00 1.00 47.00 25.00 56.00 12.00 -4.00 -31.00
119.00 75.00 41.00 26.00 114.00 45.00 29.00 -49.00
1.00 -12.00 18.00 -93.00 -82.00 -4.00 -12.00 -21.00
-24.00 -15.00 -20.00 127.00 64.00 -2.00 14.00 11.00
-42.00 -19.00 6.00 -60.00 39.00 17.00 10.00 19.00
27.00 4.00 -80.00 -72.00 -85.00 -16.00 -10.00 -13.00
-13.00 3.00 1.00 -10.00 -7.00 9.00 11.00 0.00
2.00 9.00 2.00 -4.00 -11.00 -4.00 -10.00 1.00
-3.00 -17.00 -1.00 0.00 3.00 1.00 1.00 0.00
2.00 2.00 -8.00 -5.00 5.00 2.00 -3.00 -1.00
-1.00 3.00 3.00 1.00 12.00 -2.00 -2.00 -1.00
-1.00 -2.00 -3.00 -5.00 -8.00 0.00 1.00 -1.00
0.00 -5.00 1.00 2.00 2.00 2.00 0.00 1.00
