-3.00 0.00 0.00 -1.00 -1.00 -4.00 1.00 -3.00
0.00 0.00 -2.00 -1.00 0.00 -3.00 -2.00 -3.00
-56.00 -7.00 1.00 7.00 7.00 0.00 -16.00 -4.00
48.00 4.00 -13.00 -75.00 -17.00 -8.00 1.00 -1.00
-23.00 -12.00 5.00 20.00 10.00 1.00 -2.00 -2.00
2.00 22.00 15.00 2.00 -40.00 0.00 5.00 1.00
-2.00 -5.00 -3.00 16.00 17.00 -6.00 -3.00 -2.00
-76.00 3.00 -7.00 -74.00 10.00 -1.00 -10.00 -7.00
-15.00 -9.00 3.00 10.00 3.00 -5.00 -3.00 0.00
105.00 0.00 11.00 109.00 51.00 0.00 0.00 1.00
-32.00 32.00 14.00 -71.00 -9.00 12.00 6.00 -1.00
2.00 7.00 13.00 68.00 13.00 2.00 4.00 8.00
-8.00 7.00 0.00 -29.00 -2.00 -3.00 1.00 -6.00
17.00 -7.00 -8.00 5.00 -23.00 -2.00 -1.00 0.00
14.00 1.00 -4.00 -12.00 -99.00 -4.00 -4.00 -1.00
-1.00 -5.00 0.00 3.00 26.00 -6.00 -7.00 -4.00
7.00 1.00 2.00 2.00 1.00 -12.00 1.00 1.00
0.00 -1.00 1.00 5.00 -3.00 11.00 1.00 0.00
0.00 -3.00 -6.00 -29.00 -5.00 -3.00 -3.00 -2.00
0.00 -3.00 -6.00 6.00 3.00 1.00 -2.00 2.00
-1.00 2.00 1.00 -1.00 -2.00 1.00 -2.00 0.00
0.00 0.00 -2.00 11.00 -9.00 -3.00 -1.00 -2.00
-2.00 -3.00 -5.00 -10.00 -14.00 -8.00 5.00 -1.00
0.00 0.00 -3.00 -23.00 2.00 1.00 -3.00 0.00
-1.00 1.00 0.00 3.00 0.00 -1.00 1.00 -1.00
-1.00 0.00 0.00 7.00 2.00 -2.00 -2.00 0.00
-2.00 0.00 -3.00 -21.00 -7.00 -4.00 0.00 -3.00
-1.00 0.00 4.00 7.00 -2.00 1.00 0.00 -1.00
1.00 -2.00 -1.00 2.00 4.00 1.00 -1.00 -1.00
-1.00 -1.00 -1.00 2.00 -1.00 -1.00 -2.00 -1.00
-3.00 -2.00 0.00 11.00 -1.00 -1.00 5.00 -2.00
