0.00 0.00 0.00 -4.00 -5.00 -1.00 -3.00 0.00
-2.00 0.00 -1.00 2.00 10.00 3.00 -1.00 0.00
0.00 -1.00 -1.00 1.00 -2.00 -3.00 -1.00 -1.00
-1.00 -1.00 -1.00 -3.00 -9.00 -4.00 -2.00 -2.00
-58.00 0.00 38.00 94.00 -54.00 -1.00 -7.00 -4.00
102.00 17.00 3.00 -70.00 -46.00 31.00 20.00 67.00
4.00 -13.00 -40.00 -34.00 101.00 52.00 29.00 62.00
20.00 30.00 17.00 -78.00 -100.00 23.00 23.00 -8.00
55.00 -38.00 -50.00 64.00 104.00 -15.00 -54.00 -45.00
70.00 40.00 -69.00 -50.00 -47.00 41.00 12.00 96.00
-128.00 54.00 -37.00 -128.00 25.00 42.00 19.00 89.00
127.00 120.00 85.00 64.00 37.00 -11.00 41.00 105.00
86.00 -114.00 -44.00 -26.00 20.00 60.00 19.00 49.00
-74.00 -103.00 -26.00 46.00 23.00 -8.00 -79.00 -103.00
119.00 63.00 -59.00 127.00 10.00 -10.00 25.00 -6.00
82.00 -32.00 -87.00 -34.00 -17.00 -68.00 -58.00 -79.00
63.00 80.00 64.00 -22.00 66.00 66.00 -21.00 20.00
-55.00 -3.00 20.00 30.00 11.00 -15.00 1.00 32.00
44.00 36.00 -4.00 -36.00 6.00 16.00 61.00 24.00
-30.00 -101.00 -15.00 -34.00 -64.00 -17.00 -15.00 -41.00
-5.00 55.00 7.00 -59.00 18.00 6.00 -7.00 -7.00
-2.00 -18.00 1.00 27.00 11.00 1.00 2.00 4.00
-3.00 1.00 -7.00 -63.00 -10.00 -2.00 -8.00 -1.00
-1.00 -5.00 -4.00 -25.00 -7.00 -2.00 -1.00 3.00
-1.00 3.00 4.00 5.00 4.00 1.00 -1.00 -2.00
-1.00 0.00 2.00 16.00 -1.00 -3.00 -2.00 -1.00
-2.00 1.00 -3.00 -61.00 -4.00 -4.00 -3.00 -3.00
-1.00 -2.00 0.00 22.00 5.00 1.00 0.00 -1.00
-2.00 0.00 -1.00 7.00 -6.00 -7.00 -3.00 -2.00
-2.00 0.00 0.00 4.00 6.00 -1.00 -2.00 0.00
-1.00 -3.00 -2.00 -3.00 -1.00 1.00 -1.00 0.00
