-1.00 0.00 2.00 2.00 4.00 -2.00 2.00 -1.00
1.00 1.00 2.00 1.00 -2.00 2.00 1.00 1.00
-20.00 -7.00 -7.00 -117.00 -28.00 -2.00 -6.00 -17.00
-11.00 8.00 6.00 51.00 34.00 10.00 -3.00 -1.00
-1.00 0.00 2.00 -69.00 32.00 -5.00 -3.00 0.00
-8.00 -9.00 -6.00 -57.00 -43.00 -7.00 2.00 -7.00
11.00 6.00 -11.00 -46.00 -16.00 3.00 -2.00 0.00
5.00 5.00 0.00 -30.00 -30.00 2.00 0.00 10.00
13.00 -2.00 0.00 -25.00 -26.00 -8.00 -3.00 0.00
-3.00 -2.00 0.00 -6.00 31.00 -7.00 -2.00 0.00
4.00 0.00 2.00 -17.00 -8.00 -11.00 -3.00 1.00
-1.00 -17.00 -12.00 6.00 6.00 1.00 -1.00 0.00
-1.00 -1.00 2.00 3.00 1.00 2.00 0.00 -2.00
0.00 0.00 -3.00 -6.00 -10.00 3.00 1.00 2.00
1.00 -1.00 -1.00 -1.00 -6.00 -1.00 0.00 0.00
0.00 -1.00 -2.00 -18.00 -2.00 -1.00 0.00 -1.00
0.00 0.00 3.00 20.00 -3.00 0.00 -1.00 -1.00
2.00 1.00 1.00 -5.00 7.00 4.00 2.00 0.00
0.00 1.00 4.00 1.00 -2.00 -3.00 -1.00 -1.00
