-2.00 -2.00 2.00 0.00 -1.00 0.00 0.00 -2.00
0.00 0.00 0.00 -8.00 -3.00 0.00 0.00 0.00
-1.00 -1.00 -3.00 -11.00 -4.00 0.00 0.00 0.00
0.00 -1.00 0.00 -2.00 0.00 0.00 1.00 0.00
0.00 0.00 -4.00 -6.00 -4.00 2.00 0.00 1.00
-2.00 0.00 -1.00 0.00 -1.00 -1.00 0.00 0.00
0.00 -2.00 0.00 -13.00 -5.00 -1.00 -2.00 0.00
-1.00 -1.00 1.00 0.00 -2.00 -1.00 1.00 -1.00
-3.00 -1.00 -2.00 6.00 2.00 0.00 0.00 -3.00
1.00 -1.00 -1.00 -3.00 4.00 1.00 1.00 0.00
0.00 0.00 -2.00 7.00 3.00 0.00 1.00 3.00
-8.00 3.00 0.00 30.00 3.00 2.00 1.00 -2.00
10.00 -3.00 2.00 -16.00 -5.00 -1.00 -1.00 -2.00
0.00 5.00 -2.00 -68.00 -17.00 -2.00 -4.00 -1.00
13.00 -2.00 16.00 107.00 20.00 -2.00 -11.00 4.00
-2.00 -6.00 4.00 52.00 24.00 -2.00 -5.00 -4.00
5.00 1.00 -8.00 -60.00 -40.00 -4.00 -1.00 -2.00
-2.00 5.00 5.00 59.00 17.00 4.00 3.00 2.00
-14.00 -3.00 1.00 -22.00 -33.00 -7.00 -2.00 -2.00
-9.00 -9.00 -2.00 -51.00 -25.00 -9.00 -6.00 -6.00
-5.00 9.00 8.00 22.00 20.00 3.00 0.00 1.00
-7.00 -1.00 3.00 29.00 26.00 -3.00 -1.00 -3.00
5.00 -1.00 -2.00 -49.00 -2.00 0.00 0.00 -1.00
-11.00 -5.00 -1.00 27.00 -43.00 -12.00 -4.00 -4.00
16.00 4.00 4.00 -14.00 -13.00 -4.00 -3.00 -2.00
15.00 4.00 -2.00 -59.00 -6.00 5.00 3.00 7.00
15.00 0.00 -4.00 7.00 3.00 3.00 1.00 0.00
-6.00 -4.00 -3.00 22.00 12.00 -6.00 -2.00 -2.00
-20.00 -1.00 2.00 -1.00 14.00 2.00 0.00 -2.00
-22.00 -5.00 -3.00 0.00 25.00 0.00 -3.00 -5.00
1.00 2.00 3.00 9.00 1.00 0.00 -1.00 1.00
0.00 -1.00 1.00 -29.00 5.00 2.00 2.00 1.00
-6.00 0.00 3.00 -5.00 -9.00 -2.00 -1.00 0.00
-1.00 0.00 1.00 -2.00 6.00 21.00 7.00 1.00
0.00 3.00 -3.00 -2.00 -44.00 -6.00 -1.00 0.00
1.00 7.00 3.00 -4.00 -9.00 0.00 2.00 0.00
-1.00 3.00 0.00 3.00 -2.00 1.00 1.00 0.00
-1.00 3.00 -3.00 7.00 1.00 -1.00 0.00 -1.00
0.00 2.00 1.00 -6.00 0.00 0.00 -2.00 0.00
-1.00 -4.00 -9.00 -21.00 -5.00 -4.00 0.00 0.00
-1.00 -2.00 -3.00 -11.00 -1.00 -2.00 -2.00 -2.00
-2.00 -1.00 0.00 1.00 -1.00 -2.00 -3.00 0.00
0.00 0.00 -1.00 0.00 3.00 2.00 1.00 1.00
-3.00 -4.00 -8.00 -35.00 -12.00 -1.00 0.00 0.00
-2.00 0.00 -2.00 8.00 -5.00 1.00 0.00 -1.00
-1.00 -2.00 1.00 6.00 0.00 0.00 0.00 0.00
0.00 -2.00 -2.00 -12.00 2.00 -1.00 0.00 -2.00
-2.00 -3.00 -10.00 -28.00 -15.00 -5.00 -3.00 -1.00
0.00 0.00 0.00 2.00 5.00 1.00 1.00 -1.00
0.00 -1.00 3.00 -2.00 1.00 2.00 1.00 -1.00
0.00 -1.00 -1.00 5.00 0.00 0.00 0.00 -1.00
-1.00 0.00 0.00 -2.00 0.00 3.00 0.00 -2.00
0.00 1.00 -1.00 -31.00 1.00 3.00 0.00 1.00
-1.00 -1.00 -5.00 -10.00 -2.00 1.00 1.00 -1.00
0.00 -2.00 -3.00 1.00 0.00 0.00 -2.00 0.00
1.00 1.00 0.00 -2.00 -1.00 0.00 -1.00 -1.00
-2.00 -1.00 -4.00 -7.00 -4.00 1.00 -2.00 0.00
-2.00 -4.00 -1.00 6.00 -3.00 -4.00 -1.00 -1.00
-1.00 -2.00 1.00 -7.00 -1.00 0.00 0.00 0.00
-1.00 0.00 -2.00 -3.00 0.00 -3.00 2.00 0.00
0.00 -1.00 0.00 -8.00 -1.00 -3.00 -3.00 -2.00
