-1.00 -1.00 0.00 0.00 -3.00 -3.00 -2.00 0.00
-1.00 -2.00 -2.00 -2.00 -4.00 -4.00 -7.00 -3.00
-1.00 0.00 0.00 0.00 -3.00 -2.00 0.00 0.00
-1.00 2.00 0.00 2.00 1.00 -2.00 -1.00 -2.00
15.00 11.00 7.00 25.00 13.00 1.00 0.00 4.00
-5.00 -14.00 -1.00 -19.00 -7.00 2.00 1.00 2.00
-5.00 -4.00 -11.00 -77.00 0.00 -9.00 -6.00 -9.00
24.00 3.00 2.00 6.00 13.00 -1.00 -1.00 -3.00
3.00 5.00 -3.00 27.00 5.00 -2.00 -3.00 -3.00
1.00 -10.00 -7.00 -12.00 -16.00 -8.00 -7.00 -3.00
-10.00 -1.00 -8.00 -8.00 0.00 -8.00 -3.00 -6.00
8.00 1.00 10.00 -25.00 21.00 5.00 0.00 3.00
28.00 4.00 -9.00 -52.00 -5.00 0.00 0.00 1.00
9.00 -8.00 5.00 -45.00 29.00 2.00 4.00 7.00
22.00 -3.00 -9.00 -49.00 -2.00 -2.00 0.00 0.00
-1.00 5.00 3.00 1.00 -30.00 13.00 5.00 3.00
8.00 -2.00 -9.00 -11.00 21.00 -4.00 -3.00 -3.00
10.00 1.00 -1.00 26.00 -2.00 -6.00 -3.00 -2.00
0.00 -1.00 0.00 -3.00 14.00 0.00 0.00 0.00
2.00 0.00 1.00 22.00 -8.00 -4.00 -2.00 -2.00
0.00 -2.00 -6.00 21.00 -47.00 -7.00 -1.00 -3.00
1.00 1.00 -1.00 -9.00 31.00 6.00 4.00 0.00
-1.00 1.00 1.00 1.00 24.00 -8.00 -4.00 -2.00
-1.00 -6.00 2.00 -6.00 18.00 3.00 4.00 0.00
-2.00 -7.00 -4.00 -3.00 1.00 -2.00 -3.00 -3.00
0.00 -1.00 1.00 -1.00 -8.00 0.00 0.00 1.00
-1.00 -2.00 -5.00 -3.00 8.00 -2.00 -4.00 -1.00
0.00 -1.00 4.00 3.00 1.00 1.00 -2.00 0.00
1.00 0.00 2.00 1.00 6.00 4.00 1.00 0.00
0.00 0.00 -1.00 -4.00 -1.00 0.00 0.00 0.00
0.00 0.00 4.00 19.00 2.00 -4.00 0.00 0.00
-2.00 1.00 1.00 1.00 -2.00 -1.00 0.00 0.00
-1.00 0.00 0.00 -1.00 -3.00 -2.00 -2.00 -1.00
1.00 0.00 0.00 -5.00 0.00 2.00 0.00 -2.00
-1.00 1.00 -3.00 -28.00 -3.00 2.00 -1.00 -1.00
1.00 0.00 4.00 6.00 0.00 1.00 1.00 1.00
2.00 2.00 4.00 7.00 0.00 -1.00 0.00 0.00
0.00 0.00 -2.00 -4.00 -4.00 -3.00 0.00 0.00
-2.00 -2.00 1.00 3.00 -2.00 1.00 -1.00 -1.00
-2.00 -2.00 -3.00 0.00 4.00 -2.00 -2.00 -2.00
-1.00 -3.00 -3.00 -2.00 -2.00 -1.00 -3.00 0.00
