0.00 3.00 2.00 2.00 7.00 2.00 1.00 -1.00
-2.00 -2.00 -2.00 0.00 4.00 1.00 -2.00 1.00
1.00 2.00 4.00 1.00 8.00 3.00 -1.00 0.00
-1.00 1.00 3.00 5.00 -2.00 -2.00 0.00 -1.00
1.00 -2.00 -8.00 -41.00 -12.00 0.00 -4.00 -1.00
2.00 -3.00 -6.00 -9.00 -2.00 0.00 -1.00 -2.00
3.00 0.00 0.00 11.00 3.00 3.00 0.00 0.00
1.00 0.00 2.00 -20.00 6.00 0.00 1.00 -1.00
4.00 -1.00 -1.00 -36.00 -32.00 -4.00 1.00 -2.00
-9.00 -6.00 -3.00 33.00 -2.00 -14.00 -9.00 -9.00
0.00 -6.00 -14.00 -128.00 17.00 -3.00 -1.00 8.00
-4.00 -5.00 -5.00 20.00 2.00 -7.00 -1.00 1.00
-8.00 -15.00 -38.00 55.00 17.00 -38.00 -18.00 -19.00
-37.00 4.00 2.00 70.00 -108.00 1.00 2.00 7.00
1.00 -1.00 -5.00 -37.00 -35.00 -9.00 -9.00 -7.00
-6.00 -10.00 -12.00 -50.00 56.00 -1.00 2.00 -12.00
23.00 14.00 10.00 48.00 46.00 -19.00 -7.00 0.00
-12.00 -1.00 -8.00 -10.00 6.00 4.00 3.00 4.00
-19.00 -9.00 -13.00 -27.00 -7.00 -1.00 -1.00 7.00
-6.00 -5.00 -23.00 -67.00 -37.00 -6.00 -4.00 -3.00
-1.00 0.00 1.00 22.00 72.00 10.00 4.00 0.00
-1.00 16.00 -4.00 12.00 10.00 -2.00 0.00 1.00
-1.00 -9.00 1.00 -6.00 -2.00 7.00 1.00 -1.00
1.00 9.00 6.00 8.00 4.00 -2.00 -2.00 0.00
-1.00 -7.00 -2.00 -14.00 1.00 4.00 2.00 0.00
-1.00 3.00 5.00 -7.00 -9.00 -3.00 -2.00 0.00
0.00 3.00 -1.00 15.00 7.00 3.00 2.00 0.00
-1.00 -2.00 4.00 1.00 -2.00 -1.00 0.00 1.00
-3.00 1.00 -4.00 1.00 -2.00 -2.00 -3.00 -2.00
-2.00 -2.00 -3.00 -6.00 0.00 -3.00 -3.00 0.00
0.00 0.00 1.00 -7.00 -6.00 -2.00 -2.00 0.00
