0.00 0.00 0.00 0.00 0.00 1.00 -1.00 -2.00
0.00 -1.00 0.00 -2.00 0.00 0.00 -2.00 -1.00
-1.00 0.00 -1.00 -6.00 1.00 1.00 0.00 1.00
0.00 -1.00 1.00 6.00 -9.00 1.00 1.00 1.00
1.00 1.00 -3.00 -58.00 -7.00 1.00 6.00 -4.00
0.00 0.00 5.00 61.00 -2.00 1.00 -2.00 2.00
0.00 -1.00 -3.00 -1.00 -12.00 -5.00 -2.00 0.00
2.00 1.00 -1.00 -53.00 3.00 1.00 2.00 0.00
-22.00 -8.00 1.00 58.00 -7.00 -5.00 7.00 8.00
-1.00 -3.00 -9.00 -32.00 2.00 -5.00 -5.00 -6.00
-5.00 1.00 -14.00 -42.00 -19.00 -1.00 -5.00 -11.00
-1.00 0.00 3.00 43.00 -7.00 0.00 -1.00 1.00
-6.00 -4.00 1.00 -25.00 1.00 5.00 1.00 -1.00
-35.00 6.00 6.00 6.00 13.00 3.00 -1.00 -2.00
4.00 0.00 -5.00 14.00 -60.00 -6.00 -5.00 0.00
3.00 0.00 3.00 0.00 46.00 -1.00 1.00 0.00
-2.00 8.00 -4.00 103.00 4.00 4.00 0.00 -1.00
-24.00 -12.00 -1.00 26.00 35.00 -6.00 -3.00 0.00
8.00 -10.00 -5.00 -22.00 -5.00 -10.00 -8.00 -4.00
-31.00 -10.00 1.00 50.00 -15.00 2.00 0.00 -1.00
-5.00 -4.00 -3.00 -16.00 -41.00 -3.00 -1.00 -2.00
32.00 5.00 2.00 -24.00 -4.00 4.00 1.00 4.00
-5.00 4.00 1.00 -17.00 18.00 -1.00 -1.00 -6.00
1.00 -4.00 -5.00 -12.00 -6.00 3.00 2.00 1.00
-8.00 -3.00 -3.00 -41.00 -14.00 1.00 1.00 4.00
7.00 6.00 -3.00 40.00 1.00 -3.00 -3.00 -3.00
-2.00 -2.00 -2.00 -13.00 0.00 -5.00 -4.00 1.00
-2.00 -1.00 -1.00 5.00 7.00 -1.00 -2.00 -3.00
-2.00 -1.00 5.00 0.00 -4.00 0.00 2.00 2.00
-1.00 2.00 -3.00 1.00 4.00 -1.00 -3.00 -2.00
-1.00 1.00 -2.00 -2.00 10.00 -3.00 0.00 1.00
-1.00 -1.00 1.00 3.00 -7.00 1.00 -1.00 -1.00
1.00 2.00 -2.00 30.00 0.00 0.00 1.00 0.00
-1.00 -1.00 -4.00 -20.00 -5.00 -4.00 -2.00 -1.00
0.00 -3.00 -2.00 -2.00 1.00 1.00 0.00 1.00
-2.00 -1.00 1.00 7.00 3.00 0.00 -2.00 0.00
-1.00 1.00 2.00 37.00 1.00 -2.00 0.00 0.00
-2.00 0.00 -3.00 -7.00 -1.00 -4.00 -3.00 -1.00
-2.00 -2.00 0.00 -2.00 1.00 -1.00 -2.00 -1.00
-1.00 -2.00 -3.00 -12.00 -1.00 -1.00 -2.00 0.00
-2.00 -1.00 1.00 5.00 -3.00 -1.00 -1.00 0.00
0.00 -2.00 -1.00 -15.00 -7.00 0.00 0.00 0.00
-1.00 2.00 3.00 -4.00 4.00 1.00 0.00 0.00
-1.00 -1.00 2.00 4.00 4.00 0.00 1.00 1.00
0.00 1.00 -3.00 4.00 -5.00 -3.00 -2.00 -2.00
-2.00 -1.00 0.00 -22.00 -4.00 -2.00 0.00 0.00
-2.00 1.00 1.00 5.00 2.00 0.00 1.00 1.00
-1.00 -2.00 0.00 33.00 8.00 0.00 -2.00 -2.00
-1.00 -3.00 -3.00 -10.00 2.00 -4.00 -3.00 -2.00
-2.00 0.00 -2.00 -12.00 -2.00 0.00 0.00 0.00
-2.00 -1.00 -4.00 -6.00 1.00 -1.00 -1.00 0.00
-1.00 0.00 -1.00 -5.00 -2.00 -4.00 -2.00 -1.00
0.00 -1.00 -1.00 -3.00 0.00 -1.00 0.00 0.00
0.00 0.00 0.00 -9.00 -1.00 2.00 0.00 1.00
-1.00 -1.00 0.00 -4.00 -6.00 0.00 -2.00 -1.00
-1.00 -3.00 -2.00 3.00 0.00 2.00 -1.00 -2.00
-1.00 1.00 2.00 -2.00 -1.00 -1.00 0.00 -1.00
-2.00 -2.00 0.00 -7.00 0.00 -2.00 -1.00 -1.00
1.00 2.00 1.00 -51.00 -3.00 -1.00 -2.00 0.00
-1.00 -1.00 -1.00 5.00 0.00 1.00 0.00 -1.00
1.00 -2.00 -5.00 -50.00 -9.00 -5.00 -4.00 0.00
