1.00 -2.00 -2.00 1.00 2.00 0.00 0.00 0.00
-1.00 -2.00 -3.00 -2.00 -1.00 0.00 0.00 0.00
-1.00 -1.00 -1.00 -1.00 3.00 2.00 -1.00 -1.00
0.00 1.00 -3.00 1.00 1.00 -5.00 -2.00 -2.00
-2.00 -1.00 -1.00 3.00 3.00 -1.00 -10.00 6.00
52.00 16.00 -5.00 -110.00 -17.00 2.00 3.00 31.00
-4.00 -11.00 -4.00 -26.00 -5.00 0.00 29.00 15.00
2.00 3.00 17.00 39.00 18.00 4.00 5.00 -3.00
9.00 2.00 -4.00 12.00 8.00 -3.00 -11.00 -3.00
1.00 3.00 -6.00 23.00 17.00 3.00 10.00 5.00
-9.00 25.00 -9.00 -83.00 -2.00 2.00 -1.00 2.00
-9.00 -3.00 3.00 47.00 11.00 3.00 7.00 12.00
4.00 1.00 -1.00 34.00 4.00 0.00 -1.00 4.00
-44.00 -10.00 6.00 98.00 7.00 -2.00 -7.00 2.00
17.00 5.00 -7.00 -2.00 42.00 3.00 -1.00 7.00
9.00 2.00 -19.00 -120.00 24.00 5.00 0.00 -1.00
10.00 6.00 0.00 59.00 -16.00 -1.00 0.00 6.00
3.00 -1.00 4.00 3.00 23.00 -1.00 3.00 3.00
-3.00 -8.00 -1.00 4.00 40.00 0.00 0.00 2.00
-2.00 3.00 -1.00 -32.00 -14.00 2.00 3.00 4.00
-2.00 0.00 1.00 -7.00 -35.00 -12.00 -6.00 -2.00
2.00 1.00 1.00 -11.00 1.00 1.00 4.00 3.00
1.00 -6.00 -3.00 1.00 18.00 11.00 -1.00 -2.00
0.00 0.00 0.00 10.00 2.00 -3.00 -5.00 -1.00
1.00 1.00 1.00 21.00 13.00 0.00 1.00 0.00
0.00 -3.00 -7.00 -16.00 1.00 0.00 -4.00 0.00
-1.00 -4.00 -7.00 -31.00 5.00 2.00 0.00 1.00
0.00 -1.00 -1.00 2.00 -11.00 -1.00 -2.00 0.00
0.00 -2.00 0.00 13.00 -7.00 -3.00 -2.00 0.00
0.00 -1.00 -2.00 9.00 13.00 8.00 2.00 0.00
0.00 -3.00 -2.00 -5.00 -3.00 -2.00 1.00 -1.00
0.00 -1.00 -5.00 -31.00 -1.00 -2.00 0.00 -2.00
-1.00 -3.00 -2.00 -7.00 -5.00 -3.00 -1.00 -2.00
-2.00 0.00 0.00 -3.00 11.00 3.00 0.00 1.00
-1.00 1.00 3.00 -4.00 -2.00 -1.00 1.00 -1.00
1.00 -1.00 -1.00 -1.00 -3.00 0.00 2.00 0.00
