0.00 0.00 -1.00 0.00 -1.00 1.00 1.00 0.00
-1.00 -1.00 1.00 -2.00 -2.00 -3.00 -2.00 0.00
0.00 0.00 -2.00 -3.00 -4.00 -2.00 -1.00 1.00
-2.00 -1.00 0.00 -5.00 0.00 2.00 2.00 1.00
-2.00 0.00 -5.00 6.00 -2.00 -3.00 -2.00 -1.00
-2.00 -2.00 -3.00 11.00 -3.00 -2.00 -4.00 -2.00
0.00 1.00 5.00 -3.00 -3.00 -3.00 -1.00 -2.00
1.00 -2.00 -1.00 -1.00 4.00 2.00 -1.00 -2.00
5.00 4.00 -1.00 -21.00 -1.00 -1.00 0.00 0.00
10.00 12.00 5.00 -34.00 3.00 7.00 1.00 -3.00
15.00 -19.00 -8.00 -46.00 -32.00 4.00 1.00 7.00
-31.00 7.00 6.00 16.00 18.00 -4.00 -4.00 0.00
-17.00 -4.00 -6.00 -40.00 20.00 1.00 1.00 -1.00
-7.00 3.00 29.00 -21.00 18.00 -6.00 -5.00 2.00
70.00 14.00 -5.00 43.00 1.00 -7.00 -4.00 -2.00
-29.00 1.00 4.00 -8.00 -21.00 2.00 0.00 -1.00
-19.00 2.00 -7.00 -11.00 10.00 6.00 0.00 -2.00
-2.00 -8.00 -1.00 19.00 33.00 2.00 0.00 4.00
9.00 0.00 7.00 22.00 -2.00 3.00 -1.00 -3.00
11.00 -3.00 -3.00 -38.00 -41.00 2.00 2.00 1.00
-11.00 -3.00 -1.00 -26.00 3.00 2.00 4.00 5.00
7.00 -1.00 -2.00 -21.00 -9.00 0.00 -3.00 0.00
2.00 -3.00 -3.00 4.00 -1.00 4.00 -2.00 -2.00
-1.00 -2.00 -1.00 -2.00 -2.00 -2.00 -1.00 -1.00
-2.00 -8.00 -15.00 4.00 -26.00 -19.00 -5.00 -3.00
-2.00 -3.00 -2.00 -7.00 -18.00 -5.00 -2.00 -1.00
-2.00 0.00 -2.00 -9.00 -13.00 -6.00 -1.00 -2.00
-2.00 -3.00 -2.00 -16.00 5.00 2.00 -1.00 1.00
-2.00 -2.00 -3.00 0.00 1.00 -3.00 -3.00 -3.00
0.00 1.00 2.00 13.00 -1.00 -1.00 0.00 -1.00
0.00 1.00 -1.00 12.00 -3.00 0.00 0.00 6.00
0.00 1.00 1.00 3.00 -2.00 -3.00 -1.00 2.00
1.00 0.00 2.00 -8.00 -6.00 -4.00 -2.00 -2.00
0.00 0.00 -2.00 -3.00 2.00 2.00 -1.00 0.00
0.00 0.00 0.00 -7.00 4.00 2.00 2.00 0.00
-1.00 -1.00 1.00 12.00 3.00 -1.00 -1.00 -2.00
-1.00 -2.00 -6.00 2.00 -5.00 0.00 -3.00 -1.00
1.00 0.00 -3.00 -14.00 -1.00 2.00 0.00 0.00
2.00 -1.00 -2.00 -5.00 -1.00 0.00 0.00 -1.00
0.00 -2.00 -1.00 4.00 -3.00 2.00 0.00 -2.00
-2.00 -1.00 1.00 -3.00 0.00 -1.00 -2.00 -1.00
