-2.00 1.00 -3.00 -3.00 5.00 2.00 1.00 -1.00
1.00 -1.00 1.00 -3.00 -2.00 0.00 1.00 -1.00
-1.00 0.00 -3.00 -6.00 3.00 3.00 2.00 0.00
0.00 -2.00 -1.00 3.00 4.00 -1.00 0.00 0.00
1.00 -1.00 -1.00 -5.00 -7.00 -2.00 -1.00 0.00
-11.00 -2.00 -3.00 -8.00 -2.00 1.00 -2.00 0.00
9.00 4.00 4.00 0.00 5.00 4.00 1.00 2.00
-11.00 -10.00 1.00 -29.00 -6.00 2.00 1.00 -1.00
-11.00 5.00 7.00 44.00 3.00 1.00 0.00 2.00
14.00 8.00 3.00 -39.00 10.00 6.00 6.00 3.00
3.00 0.00 4.00 -11.00 3.00 -4.00 -1.00 -2.00
35.00 5.00 7.00 39.00 19.00 5.00 4.00 2.00
-25.00 0.00 -2.00 -37.00 2.00 1.00 1.00 -3.00
96.00 -3.00 -13.00 -90.00 -59.00 -7.00 0.00 15.00
-54.00 -6.00 -1.00 -64.00 9.00 3.00 -3.00 -19.00
43.00 9.00 11.00 -53.00 27.00 12.00 3.00 11.00
80.00 22.00 8.00 63.00 37.00 2.00 -2.00 8.00
104.00 31.00 3.00 -74.00 -11.00 10.00 8.00 5.00
-31.00 -10.00 14.00 -14.00 -14.00 -8.00 -4.00 -8.00
6.00 3.00 16.00 88.00 -26.00 -10.00 -5.00 -6.00
18.00 3.00 -10.00 4.00 6.00 2.00 -1.00 0.00
54.00 0.00 -2.00 -46.00 60.00 -4.00 0.00 7.00
-32.00 -4.00 -52.00 39.00 3.00 -5.00 -4.00 -4.00
5.00 -1.00 5.00 29.00 36.00 -12.00 -7.00 -4.00
-21.00 6.00 5.00 20.00 -15.00 4.00 4.00 -3.00
-2.00 1.00 -11.00 -23.00 -18.00 -3.00 -1.00 -3.00
3.00 0.00 -7.00 -55.00 -4.00 1.00 0.00 -1.00
-4.00 -1.00 0.00 6.00 23.00 -8.00 -3.00 -3.00
1.00 1.00 2.00 -22.00 -83.00 -40.00 -7.00 -2.00
0.00 -2.00 -2.00 -5.00 51.00 19.00 1.00 0.00
-1.00 -1.00 0.00 9.00 8.00 -1.00 -4.00 -1.00
-1.00 -3.00 1.00 -7.00 -13.00 -7.00 1.00 -2.00
-1.00 -3.00 -1.00 8.00 3.00 -1.00 -1.00 -1.00
0.00 -4.00 -7.00 12.00 -18.00 -1.00 -5.00 -1.00
-1.00 0.00 2.00 -8.00 5.00 0.00 0.00 1.00
0.00 0.00 1.00 -8.00 -9.00 5.00 2.00 -1.00
0.00 0.00 -1.00 4.00 6.00 1.00 -1.00 -1.00
-1.00 -1.00 -1.00 -2.00 2.00 0.00 1.00 2.00
0.00 1.00 -1.00 -7.00 -7.00 1.00 1.00 -1.00
1.00 0.00 -3.00 0.00 2.00 -3.00 -1.00 0.00
-2.00 -1.00 0.00 4.00 4.00 0.00 -1.00 -1.00
