0.00 0.00 0.00 -6.00 -2.00 -1.00 0.00 -1.00
-1.00 0.00 0.00 4.00 5.00 5.00 -1.00 0.00
-3.00 -2.00 -5.00 1.00 5.00 -1.00 -1.00 -1.00
0.00 1.00 1.00 0.00 6.00 0.00 0.00 -1.00
-1.00 -1.00 -1.00 -5.00 14.00 3.00 1.00 -1.00
-1.00 -2.00 -1.00 2.00 -1.00 -3.00 -3.00 -1.00
0.00 1.00 0.00 -8.00 0.00 -1.00 0.00 -1.00
1.00 -2.00 0.00 -14.00 8.00 4.00 0.00 1.00
-1.00 0.00 -1.00 -7.00 -10.00 -4.00 0.00 -2.00
3.00 4.00 7.00 3.00 14.00 5.00 3.00 3.00
0.00 -3.00 -3.00 11.00 12.00 -2.00 -2.00 -4.00
-2.00 -2.00 3.00 0.00 5.00 -1.00 0.00 0.00
0.00 -1.00 0.00 -5.00 -6.00 -1.00 1.00 -1.00
1.00 3.00 3.00 13.00 -2.00 -2.00 1.00 0.00
-1.00 -3.00 -2.00 3.00 -2.00 -4.00 -1.00 0.00
-1.00 1.00 2.00 -1.00 -1.00 -6.00 -2.00 -3.00
-2.00 -2.00 0.00 -7.00 -2.00 1.00 2.00 -1.00
0.00 1.00 -1.00 -8.00 -4.00 2.00 0.00 1.00
1.00 -1.00 0.00 3.00 7.00 -3.00 -2.00 0.00
-2.00 -2.00 -1.00 8.00 -4.00 -1.00 0.00 -1.00
-2.00 -2.00 1.00 -7.00 1.00 1.00 -1.00 0.00
-1.00 -2.00 -2.00 -4.00 7.00 -2.00 -1.00 -1.00
-2.00 -1.00 1.00 -12.00 -17.00 -5.00 -2.00 -2.00
0.00 -1.00 2.00 10.00 -1.00 2.00 1.00 -1.00
-1.00 0.00 -1.00 -11.00 -10.00 1.00 1.00 0.00
-1.00 -1.00 -2.00 -1.00 0.00 -1.00 0.00 -1.00
0.00 1.00 0.00 -4.00 5.00 1.00 0.00 0.00
-1.00 -4.00 -7.00 -11.00 -2.00 -2.00 -1.00 -1.00
0.00 0.00 0.00 1.00 4.00 0.00 0.00 -1.00
0.00 2.00 0.00 -8.00 1.00 2.00 2.00 0.00
-3.00 -1.00 -3.00 -5.00 -2.00 2.00 0.00 -2.00
0.00 -1.00 1.00 -7.00 -9.00 0.00 0.00 -1.00
-1.00 -1.00 2.00 -2.00 6.00 3.00 0.00 1.00
1.00 -1.00 -1.00 1.00 0.00 -1.00 -1.00 -1.00
1.00 1.00 0.00 -2.00 -2.00 -2.00 -1.00 0.00
-1.00 -3.00 -4.00 -12.00 4.00 3.00 0.00 -1.00
-1.00 -2.00 0.00 -2.00 -2.00 -2.00 0.00 -1.00
-2.00 0.00 -3.00 2.00 -2.00 -1.00 -1.00 -2.00
-2.00 -3.00 -4.00 -2.00 -7.00 -1.00 0.00 -1.00
-1.00 0.00 -2.00 -4.00 -2.00 3.00 0.00 0.00
-1.00 -2.00 0.00 4.00 -8.00 -3.00 -1.00 0.00
2.00 0.00 -2.00 -3.00 -2.00 -1.00 -2.00 -1.00
-1.00 -1.00 1.00 8.00 6.00 1.00 0.00 0.00
-1.00 -1.00 0.00 5.00 -4.00 -1.00 -2.00 0.00
1.00 0.00 4.00 6.00 5.00 -1.00 -1.00 0.00
-4.00 -2.00 -2.00 7.00 4.00 -4.00 -2.00 -1.00
2.00 -1.00 -1.00 4.00 2.00 -2.00 -2.00 -1.00
-1.00 1.00 1.00 -5.00 0.00 1.00 -3.00 1.00
0.00 0.00 -4.00 -4.00 9.00 -2.00 -3.00 0.00
0.00 -2.00 0.00 1.00 -4.00 -6.00 -3.00 -1.00
-2.00 -2.00 1.00 5.00 -14.00 -4.00 0.00 -2.00
1.00 0.00 1.00 -3.00 -14.00 1.00 4.00 2.00
0.00 1.00 -1.00 -12.00 5.00 4.00 0.00 1.00
0.00 0.00 -1.00 -7.00 2.00 1.00 0.00 -1.00
-1.00 0.00 -1.00 -1.00 -10.00 -3.00 0.00 -1.00
-1.00 -1.00 -1.00 -10.00 -13.00 0.00 0.00 -1.00
-1.00 -1.00 2.00 6.00 1.00 -4.00 -2.00 -1.00
0.00 0.00 3.00 5.00 2.00 -5.00 -3.00 -2.00
0.00 -1.00 0.00 7.00 11.00 4.00 2.00 1.00
0.00 2.00 -1.00 4.00 -24.00 -4.00 0.00 -1.00
-3.00 -2.00 4.00 13.00 -11.00 -3.00 -3.00 -2.00
