1.00 1.00 -9.00 -2.00 10.00 4.00 0.00 0.00
7.00 10.00 29.00 21.00 3.00 0.00 1.00 5.00
-3.00 -1.00 -3.00 1.00 0.00 4.00 1.00 -2.00
-2.00 -2.00 4.00 -2.00 -10.00 -9.00 -5.00 -2.00
-1.00 -4.00 -10.00 -3.00 15.00 0.00 0.00 0.00
-2.00 -6.00 -12.00 -7.00 -3.00 -4.00 1.00 -1.00
-1.00 0.00 -2.00 -1.00 -4.00 2.00 1.00 1.00
1.00 -5.00 0.00 4.00 5.00 1.00 -1.00 1.00
1.00 3.00 3.00 8.00 -3.00 -4.00 -1.00 -1.00
1.00 2.00 2.00 -1.00 0.00 2.00 0.00 1.00
-1.00 1.00 -5.00 -3.00 18.00 1.00 0.00 0.00
-1.00 0.00 -6.00 0.00 20.00 4.00 -1.00 0.00
0.00 0.00 3.00 5.00 -15.00 -2.00 -1.00 -1.00
-2.00 0.00 -4.00 -6.00 11.00 4.00 0.00 1.00
-2.00 -1.00 -2.00 -3.00 -11.00 -1.00 2.00 0.00
0.00 -1.00 -1.00 1.00 12.00 1.00 -1.00 -1.00
0.00 -2.00 -6.00 0.00 4.00 -2.00 0.00 -1.00
-2.00 -3.00 -5.00 0.00 1.00 6.00 0.00 -1.00
1.00 1.00 3.00 1.00 0.00 1.00 0.00 -1.00
-2.00 -2.00 -2.00 -1.00 7.00 -3.00 0.00 0.00
1.00 2.00 4.00 2.00 0.00 1.00 1.00 1.00
1.00 -2.00 -5.00 -3.00 0.00 6.00 0.00 1.00
1.00 -1.00 0.00 0.00 1.00 -2.00 0.00 1.00
0.00 1.00 2.00 -3.00 -11.00 -1.00 0.00 0.00
-2.00 1.00 4.00 3.00 1.00 -1.00 2.00 -1.00
-3.00 -3.00 -2.00 6.00 10.00 -4.00 -3.00 -1.00
3.00 2.00 4.00 1.00 10.00 2.00 0.00 2.00
0.00 -1.00 -1.00 -7.00 -21.00 -2.00 2.00 -1.00
-1.00 1.00 -2.00 -4.00 7.00 7.00 0.00 1.00
2.00 1.00 3.00 6.00 8.00 0.00 -1.00 3.00
-1.00 0.00 2.00 0.00 -17.00 -4.00 -1.00 -2.00
1.00 -1.00 -6.00 -7.00 -4.00 -4.00 2.00 -1.00
-1.00 -1.00 -4.00 0.00 1.00 5.00 2.00 -1.00
-2.00 0.00 2.00 4.00 12.00 -2.00 0.00 2.00
0.00 -1.00 -1.00 -2.00 -3.00 -2.00 -3.00 -1.00
1.00 1.00 -2.00 -1.00 8.00 -1.00 -2.00 -2.00
-1.00 -3.00 -1.00 -7.00 -1.00 -3.00 -7.00 -3.00
-1.00 -2.00 1.00 0.00 17.00 0.00 2.00 2.00
-2.00 0.00 -4.00 11.00 -2.00 -2.00 3.00 0.00
-1.00 -1.00 0.00 -1.00 -1.00 1.00 -2.00 -2.00
-2.00 0.00 -2.00 -6.00 -24.00 2.00 0.00 1.00
1.00 4.00 6.00 0.00 1.00 0.00 3.00 2.00
-1.00 0.00 3.00 -3.00 0.00 0.00 -1.00 -2.00
-1.00 0.00 -2.00 -2.00 -12.00 -10.00 -8.00 -5.00
0.00 -1.00 1.00 -1.00 -1.00 -3.00 -2.00 0.00
-2.00 -1.00 -6.00 -15.00 -3.00 1.00 -2.00 -2.00
-2.00 0.00 2.00 -2.00 -3.00 -3.00 -6.00 -5.00
1.00 3.00 3.00 1.00 7.00 4.00 3.00 0.00
1.00 -2.00 3.00 12.00 0.00 -3.00 0.00 4.00
-3.00 0.00 -1.00 -1.00 0.00 -3.00 -4.00 -4.00
-1.00 -3.00 -6.00 -12.00 12.00 0.00 -8.00 -2.00
1.00 -1.00 -3.00 -3.00 -6.00 10.00 12.00 2.00
-3.00 -1.00 -1.00 5.00 1.00 0.00 -1.00 -1.00
1.00 0.00 0.00 18.00 18.00 2.00 -2.00 0.00
-1.00 -1.00 1.00 6.00 1.00 -3.00 -1.00 -3.00
0.00 0.00 1.00 -4.00 -3.00 0.00 -1.00 -3.00
-2.00 -4.00 -5.00 -5.00 8.00 2.00 2.00 0.00
1.00 -3.00 -5.00 6.00 14.00 3.00 4.00 1.00
-2.00 -2.00 -5.00 -1.00 -2.00 -1.00 3.00 1.00
0.00 1.00 1.00 11.00 -7.00 -5.00 -1.00 -2.00
-1.00 -2.00 3.00 1.00 14.00 1.00 3.00 -2.00
-4.00 -2.00 -7.00 -2.00 -5.00 -6.00 -6.00 -5.00
0.00 0.00 2.00 18.00 -11.00 -4.00 -1.00 0.00
1.00 2.00 -12.00 4.00 5.00 0.00 0.00 2.00
-1.00 -2.00 7.00 -1.00 3.00 0.00 0.00 2.00
-1.00 -1.00 -1.00 -5.00 -2.00 1.00 -2.00 -2.00
-1.00 -1.00 -4.00 -1.00 -4.00 -2.00 -3.00 0.00
1.00 1.00 4.00 8.00 2.00 -1.00 -7.00 1.00
0.00 -3.00 -2.00 -1.00 6.00 -2.00 0.00 0.00
-2.00 1.00 -2.00 -3.00 -2.00 -2.00 -1.00 -1.00
-2.00 -4.00 -4.00 0.00 1.00 1.00 -3.00 0.00
1.00 1.00 -1.00 4.00 1.00 -1.00 -3.00 -1.00
-1.00 3.00 2.00 0.00 -2.00 -1.00 0.00 3.00
0.00 -2.00 -5.00 -10.00 -2.00 -2.00 -1.00 1.00
0.00 3.00 7.00 4.00 -3.00 2.00 -4.00 -3.00
-3.00 -3.00 -1.00 -5.00 -5.00 -6.00 0.00 -3.00
-1.00 0.00 3.00 -3.00 -2.00 -4.00 -8.00 6.00
2.00 0.00 14.00 5.00 6.00 1.00 -4.00 6.00
1.00 0.00 4.00 6.00 2.00 -1.00 -5.00 -6.00
-2.00 -4.00 -6.00 -3.00 5.00 2.00 3.00 -3.00
0.00 -3.00 0.00 -2.00 0.00 0.00 2.00 1.00
-4.00 -6.00 -18.00 -9.00 -8.00 -9.00 -8.00 -2.00
0.00 0.00 2.00 -7.00 -3.00 1.00 -7.00 0.00
-1.00 0.00 -3.00 -8.00 4.00 -11.00 -10.00 -6.00
2.00 0.00 -2.00 -4.00 -1.00 6.00 20.00 4.00
1.00 0.00 -4.00 9.00 1.00 1.00 -3.00 3.00
-2.00 -5.00 -11.00 -15.00 -9.00 9.00 11.00 1.00
-2.00 -1.00 4.00 0.00 -12.00 4.00 -3.00 8.00
-3.00 -5.00 -9.00 -3.00 2.00 -48.00 -7.00 -3.00
2.00 -2.00 -12.00 -3.00 -5.00 -15.00 14.00 5.00
1.00 -1.00 -2.00 0.00 -3.00 8.00 7.00 0.00
-1.00 -1.00 2.00 -6.00 -5.00 -8.00 -3.00 9.00
-2.00 -1.00 -4.00 1.00 5.00 -5.00 -5.00 -1.00
-3.00 1.00 1.00 3.00 -1.00 -1.00 -2.00 -10.00
1.00 2.00 13.00 7.00 3.00 3.00 -1.00 -1.00
0.00 0.00 4.00 -3.00 1.00 0.00 3.00 6.00
-2.00 -4.00 -12.00 -3.00 -6.00 -1.00 -3.00 -9.00
-6.00 -4.00 3.00 2.00 -1.00 -5.00 -4.00 -7.00
2.00 3.00 6.00 2.00 4.00 3.00 5.00 6.00
-2.00 -3.00 -9.00 -6.00 -2.00 0.00 3.00 -4.00
1.00 1.00 3.00 2.00 1.00 0.00 -2.00 2.00
