-1.00 0.00 -1.00 2.00 -2.00 -3.00 1.00 0.00
0.00 0.00 -1.00 0.00 0.00 -1.00 0.00 -2.00
0.00 -1.00 0.00 -2.00 -2.00 -1.00 -1.00 -1.00
1.00 0.00 -1.00 -2.00 0.00 2.00 1.00 -1.00
-1.00 0.00 -2.00 3.00 -1.00 0.00 -2.00 -1.00
2.00 0.00 -1.00 2.00 0.00 -1.00 -1.00 0.00
-3.00 -2.00 -6.00 -4.00 -2.00 -2.00 -2.00 -2.00
1.00 0.00 2.00 2.00 4.00 -1.00 0.00 -1.00
0.00 -1.00 1.00 6.00 2.00 0.00 0.00 -1.00
0.00 -2.00 -1.00 3.00 0.00 1.00 0.00 1.00
1.00 1.00 1.00 1.00 0.00 2.00 -1.00 1.00
-3.00 -4.00 -14.00 -12.00 -8.00 -5.00 -4.00 -4.00
-2.00 0.00 -2.00 0.00 0.00 0.00 -1.00 -1.00
-6.00 -11.00 -30.00 -25.00 -17.00 -7.00 -5.00 -6.00
4.00 6.00 20.00 18.00 12.00 4.00 2.00 4.00
-2.00 -4.00 -4.00 -1.00 -3.00 -1.00 -2.00 -2.00
4.00 3.00 11.00 2.00 3.00 3.00 2.00 2.00
-5.00 -5.00 -7.00 -5.00 -2.00 0.00 -4.00 -3.00
-5.00 -8.00 -25.00 -25.00 -11.00 -3.00 -3.00 -6.00
-4.00 -3.00 -8.00 -4.00 -2.00 -3.00 -2.00 -7.00
0.00 -2.00 -5.00 -3.00 -3.00 0.00 2.00 2.00
3.00 8.00 17.00 13.00 13.00 8.00 7.00 22.00
7.00 10.00 22.00 25.00 13.00 4.00 3.00 -7.00
-3.00 -8.00 -22.00 -11.00 -6.00 -2.00 6.00 -2.00
-1.00 -3.00 -10.00 -9.00 -6.00 0.00 4.00 16.00
-2.00 2.00 9.00 3.00 4.00 -2.00 -5.00 -7.00
0.00 -7.00 -17.00 -24.00 -6.00 1.00 7.00 -4.00
-1.00 1.00 3.00 -3.00 0.00 -1.00 4.00 0.00
0.00 1.00 3.00 -3.00 -4.00 -1.00 -1.00 -12.00
-2.00 -2.00 -6.00 -1.00 -2.00 -1.00 -1.00 -6.00
2.00 6.00 18.00 22.00 12.00 4.00 3.00 7.00
0.00 -3.00 -7.00 -5.00 -2.00 -1.00 1.00 -1.00
1.00 3.00 4.00 4.00 1.00 1.00 0.00 -1.00
-2.00 -2.00 -2.00 -2.00 0.00 -1.00 -4.00 -1.00
-1.00 -1.00 2.00 -1.00 -1.00 -2.00 -2.00 0.00
-1.00 -2.00 -3.00 -1.00 1.00 1.00 -4.00 -2.00
0.00 1.00 5.00 -1.00 0.00 -1.00 -3.00 -7.00
-1.00 0.00 2.00 -2.00 0.00 0.00 0.00 0.00
-2.00 -3.00 -4.00 -6.00 -3.00 1.00 4.00 -4.00
0.00 -2.00 -1.00 0.00 2.00 -3.00 1.00 4.00
-2.00 -1.00 -3.00 -9.00 -7.00 -2.00 -3.00 0.00
2.00 1.00 -1.00 -2.00 -1.00 -1.00 1.00 5.00
-1.00 0.00 1.00 2.00 2.00 0.00 -2.00 -2.00
2.00 1.00 3.00 2.00 2.00 1.00 -1.00 1.00
1.00 1.00 -1.00 -1.00 3.00 4.00 3.00 1.00
-3.00 0.00 0.00 5.00 -3.00 -3.00 -2.00 -2.00
-1.00 -1.00 13.00 -1.00 6.00 0.00 0.00 -1.00
0.00 0.00 -2.00 -6.00 -3.00 0.00 -1.00 -2.00
-2.00 0.00 -2.00 3.00 4.00 1.00 2.00 -1.00
-1.00 -1.00 -4.00 -2.00 8.00 -1.00 0.00 1.00
-2.00 1.00 0.00 4.00 -7.00 -1.00 0.00 -2.00
-4.00 -1.00 -7.00 0.00 -4.00 0.00 1.00 0.00
1.00 2.00 2.00 1.00 -2.00 -1.00 -1.00 -1.00
0.00 -1.00 -1.00 -6.00 -1.00 -2.00 -1.00 0.00
-1.00 -3.00 -2.00 -2.00 -1.00 -3.00 -2.00 -2.00
1.00 -1.00 -4.00 -33.00 1.00 -1.00 0.00 -1.00
1.00 1.00 3.00 7.00 7.00 1.00 1.00 0.00
0.00 0.00 0.00 -3.00 -3.00 -1.00 -3.00 0.00
-1.00 -2.00 -2.00 13.00 -5.00 0.00 -1.00 -2.00
0.00 -1.00 -1.00 -7.00 0.00 -1.00 0.00 0.00
1.00 -1.00 0.00 -1.00 -1.00 -3.00 -1.00 0.00
