0.00 -2.00 1.00 3.00 -1.00 -1.00 1.00 1.00
-2.00 -2.00 2.00 -2.00 2.00 0.00 0.00 -2.00
1.00 -1.00 -1.00 -13.00 2.00 -1.00 0.00 0.00
-2.00 0.00 3.00 3.00 -1.00 0.00 -2.00 -1.00
0.00 0.00 4.00 -1.00 -4.00 -2.00 -2.00 -1.00
-1.00 -2.00 -4.00 -4.00 -9.00 -6.00 -2.00 -1.00
1.00 0.00 1.00 6.00 5.00 1.00 1.00 0.00
0.00 -2.00 0.00 -3.00 5.00 1.00 2.00 1.00
-2.00 -1.00 -1.00 6.00 -1.00 -5.00 -3.00 -2.00
-1.00 -3.00 -3.00 -1.00 -3.00 -3.00 -2.00 -2.00
-3.00 -3.00 0.00 -4.00 -15.00 -4.00 -2.00 -2.00
-1.00 -1.00 -5.00 -10.00 -2.00 -1.00 -2.00 -1.00
-1.00 1.00 4.00 10.00 10.00 -1.00 0.00 -2.00
-1.00 1.00 -1.00 1.00 1.00 2.00 2.00 -2.00
-2.00 -3.00 -3.00 -1.00 3.00 0.00 -1.00 -1.00
0.00 0.00 2.00 4.00 -3.00 -2.00 -1.00 0.00
-1.00 -1.00 0.00 -12.00 -4.00 0.00 -1.00 0.00
-1.00 0.00 -7.00 -15.00 -2.00 -3.00 0.00 0.00
-1.00 -1.00 -2.00 3.00 -3.00 -5.00 -1.00 -2.00
0.00 -1.00 -4.00 -11.00 -2.00 -2.00 -1.00 -2.00
-1.00 0.00 1.00 -6.00 -7.00 -7.00 -3.00 -2.00
0.00 -1.00 -2.00 -2.00 6.00 1.00 1.00 1.00
1.00 1.00 2.00 -16.00 0.00 0.00 0.00 0.00
0.00 2.00 -1.00 4.00 -2.00 1.00 -2.00 -1.00
1.00 -2.00 0.00 -13.00 -3.00 1.00 1.00 0.00
2.00 0.00 0.00 -5.00 -11.00 1.00 1.00 0.00
2.00 1.00 -2.00 -1.00 2.00 1.00 0.00 0.00
-1.00 0.00 -2.00 -5.00 2.00 -1.00 0.00 0.00
-1.00 -1.00 2.00 -1.00 -3.00 -2.00 0.00 -1.00
0.00 2.00 3.00 -6.00 -4.00 -2.00 -1.00 -1.00
0.00 -2.00 -4.00 -7.00 2.00 0.00 1.00 0.00
-2.00 -1.00 -1.00 0.00 -4.00 -1.00 0.00 -1.00
0.00 2.00 0.00 -4.00 2.00 -3.00 0.00 1.00
-2.00 -2.00 1.00 8.00 2.00 1.00 -2.00 -2.00
-2.00 -2.00 -7.00 -6.00 -6.00 -2.00 0.00 -1.00
0.00 -2.00 -2.00 5.00 1.00 -2.00 0.00 0.00
1.00 0.00 1.00 8.00 0.00 -1.00 -3.00 -1.00
0.00 -1.00 0.00 -5.00 -6.00 0.00 0.00 0.00
0.00 1.00 0.00 10.00 15.00 -1.00 -3.00 0.00
-1.00 -3.00 0.00 -4.00 0.00 -5.00 -2.00 -2.00
-2.00 -2.00 -3.00 -6.00 10.00 4.00 1.00 -1.00
