-1.00 0.00 1.00 -5.00 -4.00 -4.00 -1.00 0.00
-1.00 -1.00 -5.00 -2.00 0.00 -3.00 -3.00 -4.00
1.00 -2.00 -5.00 -6.00 -3.00 0.00 4.00 -2.00
-1.00 -1.00 1.00 1.00 1.00 -1.00 0.00 -1.00
1.00 3.00 2.00 4.00 4.00 1.00 -1.00 2.00
-3.00 0.00 1.00 0.00 0.00 -3.00 -7.00 -3.00
0.00 1.00 1.00 2.00 3.00 0.00 1.00 1.00
-2.00 -1.00 2.00 2.00 1.00 -9.00 5.00 0.00
-1.00 -1.00 -6.00 -6.00 -1.00 3.00 17.00 14.00
-1.00 1.00 4.00 2.00 -5.00 -5.00 -4.00 -1.00
-19.00 -2.00 0.00 -1.00 -5.00 -2.00 -1.00 -7.00
1.00 0.00 -8.00 0.00 0.00 0.00 -4.00 -2.00
3.00 0.00 7.00 4.00 2.00 0.00 -4.00 -6.00
-1.00 -5.00 -7.00 -4.00 0.00 0.00 2.00 0.00
2.00 -3.00 -3.00 -1.00 -1.00 1.00 5.00 10.00
1.00 -2.00 -2.00 1.00 -1.00 -2.00 -3.00 4.00
-2.00 -2.00 -8.00 -4.00 -3.00 -2.00 0.00 -1.00
-1.00 1.00 -1.00 1.00 0.00 0.00 -9.00 -3.00
0.00 2.00 3.00 3.00 -1.00 0.00 1.00 6.00
-1.00 -3.00 -10.00 -8.00 -3.00 -3.00 2.00 -7.00
1.00 1.00 6.00 3.00 3.00 2.00 3.00 18.00
-2.00 -3.00 -3.00 -3.00 -6.00 -5.00 0.00 0.00
0.00 0.00 -1.00 -2.00 -4.00 -3.00 0.00 -6.00
0.00 0.00 1.00 -4.00 -1.00 -1.00 -7.00 -2.00
0.00 -3.00 -1.00 -4.00 -2.00 -1.00 -2.00 3.00
2.00 1.00 -18.00 -8.00 -6.00 -6.00 1.00 -3.00
-3.00 1.00 -6.00 -1.00 3.00 -3.00 5.00 1.00
-10.00 -1.00 1.00 2.00 0.00 -3.00 0.00 -1.00
-2.00 -1.00 1.00 0.00 1.00 5.00 5.00 9.00
-1.00 -1.00 2.00 4.00 4.00 -1.00 0.00 -2.00
3.00 1.00 2.00 10.00 6.00 -3.00 5.00 7.00
-1.00 -1.00 -1.00 -2.00 1.00 4.00 20.00 -10.00
2.00 0.00 3.00 -4.00 0.00 1.00 -6.00 -1.00
-2.00 0.00 -1.00 3.00 -5.00 -14.00 -13.00 3.00
-3.00 -2.00 -1.00 -3.00 11.00 6.00 20.00 2.00
-2.00 0.00 0.00 4.00 -1.00 3.00 -6.00 1.00
-2.00 -2.00 -1.00 5.00 -1.00 -9.00 -23.00 -7.00
-2.00 -1.00 -2.00 -2.00 -8.00 0.00 4.00 -4.00
-1.00 3.00 7.00 4.00 1.00 -3.00 -6.00 -5.00
-1.00 0.00 5.00 7.00 -3.00 -1.00 -2.00 4.00
1.00 5.00 9.00 -1.00 -6.00 -10.00 -2.00 3.00
0.00 0.00 -2.00 4.00 5.00 2.00 1.00 0.00
0.00 1.00 4.00 3.00 3.00 -1.00 -22.00 -1.00
0.00 0.00 3.00 1.00 -1.00 0.00 -1.00 -13.00
0.00 1.00 3.00 2.00 8.00 2.00 4.00 2.00
-1.00 0.00 -1.00 -7.00 -2.00 1.00 9.00 11.00
0.00 0.00 -1.00 2.00 -3.00 1.00 -2.00 2.00
0.00 0.00 -2.00 -4.00 12.00 5.00 1.00 4.00
-2.00 -3.00 -4.00 1.00 11.00 -1.00 5.00 1.00
-3.00 -2.00 1.00 10.00 6.00 -1.00 -14.00 -5.00
0.00 -1.00 -6.00 -8.00 -5.00 -3.00 4.00 -1.00
0.00 -3.00 -6.00 5.00 -11.00 -1.00 2.00 2.00
-1.00 -1.00 1.00 -2.00 4.00 -1.00 10.00 15.00
-1.00 -1.00 -3.00 10.00 -2.00 -4.00 -4.00 -2.00
1.00 0.00 3.00 -2.00 3.00 3.00 -2.00 -4.00
-2.00 -3.00 -6.00 -2.00 -3.00 0.00 -1.00 7.00
-2.00 -2.00 -3.00 -6.00 -13.00 -4.00 6.00 -4.00
1.00 -1.00 -4.00 3.00 2.00 1.00 -1.00 4.00
0.00 1.00 0.00 1.00 0.00 0.00 1.00 2.00
0.00 -1.00 -3.00 -3.00 -2.00 1.00 2.00 0.00
0.00 0.00 -1.00 2.00 -4.00 -2.00 -1.00 5.00
