2.00 0.00 2.00 7.00 -5.00 2.00 2.00 1.00
0.00 -3.00 -6.00 -2.00 3.00 -2.00 1.00 0.00
-2.00 0.00 0.00 -7.00 -4.00 4.00 1.00 -1.00
-2.00 -2.00 -3.00 11.00 -1.00 -1.00 -1.00 -1.00
0.00 1.00 2.00 -3.00 1.00 3.00 0.00 -2.00
-1.00 -2.00 0.00 -8.00 -18.00 -1.00 1.00 -1.00
-1.00 -3.00 0.00 6.00 9.00 2.00 -2.00 -1.00
1.00 -2.00 -2.00 5.00 -5.00 0.00 0.00 -1.00
-1.00 0.00 1.00 -7.00 2.00 -1.00 -3.00 1.00
0.00 -1.00 -3.00 1.00 8.00 6.00 2.00 1.00
1.00 2.00 3.00 2.00 -3.00 -3.00 0.00 -2.00
1.00 0.00 -3.00 -5.00 -5.00 -1.00 0.00 0.00
-1.00 -1.00 -2.00 -3.00 -3.00 -1.00 -2.00 -3.00
0.00 -2.00 -3.00 2.00 -2.00 -5.00 -2.00 -1.00
-1.00 -1.00 -3.00 -7.00 9.00 2.00 -1.00 -3.00
1.00 -1.00 -4.00 -13.00 -7.00 2.00 -2.00 -2.00
0.00 0.00 -1.00 -11.00 -2.00 2.00 1.00 1.00
-1.00 -2.00 -4.00 -4.00 9.00 2.00 0.00 -1.00
-2.00 -2.00 0.00 4.00 -2.00 2.00 0.00 -1.00
-1.00 -1.00 0.00 3.00 -4.00 -1.00 0.00 1.00
-1.00 -1.00 -2.00 0.00 -7.00 2.00 1.00 0.00
-2.00 -1.00 -3.00 -22.00 -10.00 -3.00 -3.00 0.00
1.00 -1.00 0.00 2.00 -1.00 -2.00 -1.00 -1.00
-2.00 -1.00 -2.00 -4.00 -4.00 -2.00 0.00 -1.00
2.00 1.00 1.00 8.00 5.00 0.00 -1.00 1.00
-1.00 0.00 -3.00 -2.00 -3.00 -1.00 0.00 1.00
-4.00 -1.00 -2.00 7.00 0.00 -5.00 -1.00 -2.00
-2.00 -2.00 -1.00 1.00 -3.00 3.00 1.00 -1.00
0.00 1.00 -2.00 3.00 9.00 9.00 0.00 0.00
-1.00 -2.00 0.00 -4.00 -3.00 -4.00 -2.00 -1.00
-1.00 1.00 2.00 1.00 6.00 -1.00 -1.00 1.00
