0.00 0.00 1.00 0.00 -3.00 0.00 0.00 -2.00
1.00 0.00 0.00 1.00 -2.00 -2.00 1.00 0.00
-1.00 -2.00 0.00 -1.00 -1.00 -3.00 -3.00 0.00
0.00 0.00 0.00 4.00 -7.00 -3.00 -1.00 0.00
-1.00 -1.00 1.00 9.00 7.00 1.00 -2.00 -1.00
0.00 1.00 0.00 -2.00 -7.00 1.00 0.00 0.00
0.00 0.00 -1.00 -4.00 6.00 -1.00 1.00 0.00
0.00 0.00 -4.00 -4.00 -13.00 0.00 0.00 -1.00
0.00 0.00 1.00 1.00 4.00 0.00 -2.00 1.00
1.00 0.00 0.00 -1.00 -1.00 -1.00 1.00 -1.00
-1.00 0.00 -6.00 -5.00 -8.00 -1.00 -1.00 -1.00
0.00 -2.00 -1.00 2.00 17.00 -3.00 -4.00 0.00
-1.00 -2.00 1.00 1.00 -5.00 3.00 1.00 -1.00
-1.00 -1.00 -3.00 -4.00 -1.00 -3.00 -2.00 0.00
-1.00 0.00 0.00 1.00 -8.00 2.00 -4.00 -1.00
0.00 -1.00 -1.00 -4.00 7.00 2.00 1.00 0.00
-2.00 -2.00 -2.00 2.00 -2.00 2.00 3.00 0.00
-1.00 -1.00 0.00 1.00 5.00 1.00 -1.00 1.00
1.00 0.00 -1.00 -8.00 7.00 -9.00 -1.00 0.00
-2.00 0.00 1.00 1.00 3.00 8.00 3.00 -1.00
-2.00 -1.00 -3.00 -2.00 -7.00 0.00 -1.00 -1.00
0.00 0.00 3.00 -1.00 0.00 -4.00 -2.00 0.00
-1.00 1.00 0.00 1.00 -6.00 -3.00 0.00 0.00
-4.00 0.00 -2.00 -1.00 14.00 2.00 1.00 -1.00
-3.00 -2.00 -1.00 1.00 -4.00 -4.00 -5.00 -2.00
0.00 -1.00 -3.00 2.00 -12.00 -1.00 1.00 1.00
0.00 -1.00 0.00 -2.00 -9.00 -4.00 3.00 0.00
-1.00 -1.00 -3.00 -5.00 0.00 -4.00 -2.00 -2.00
-2.00 -1.00 3.00 1.00 -13.00 0.00 -2.00 0.00
-1.00 0.00 -1.00 -3.00 -1.00 -1.00 -3.00 -1.00
-1.00 -1.00 0.00 6.00 16.00 0.00 -1.00 -2.00
-1.00 0.00 0.00 -1.00 -8.00 1.00 1.00 -1.00
-1.00 0.00 1.00 1.00 16.00 1.00 -2.00 0.00
1.00 -1.00 1.00 -1.00 12.00 6.00 1.00 -1.00
-1.00 0.00 1.00 -3.00 -21.00 -2.00 -1.00 -1.00
-1.00 0.00 -2.00 -1.00 0.00 1.00 -1.00 -1.00
-1.00 0.00 -2.00 1.00 0.00 0.00 0.00 0.00
-1.00 0.00 -3.00 -6.00 -12.00 -4.00 4.00 -2.00
1.00 -1.00 -1.00 -2.00 -15.00 -1.00 1.00 1.00
0.00 -1.00 -1.00 -2.00 8.00 -2.00 -2.00 0.00
0.00 1.00 2.00 4.00 13.00 5.00 1.00 -1.00
1.00 -1.00 -1.00 -3.00 0.00 2.00 -2.00 -1.00
0.00 -2.00 0.00 2.00 -2.00 2.00 0.00 0.00
-2.00 -2.00 -4.00 -4.00 8.00 0.00 -1.00 0.00
0.00 0.00 -2.00 -1.00 -1.00 0.00 0.00 -2.00
-1.00 -3.00 -4.00 -11.00 -8.00 -2.00 -2.00 0.00
-2.00 -2.00 -2.00 3.00 1.00 -1.00 0.00 0.00
-1.00 0.00 2.00 4.00 -4.00 -5.00 -2.00 -4.00
-2.00 1.00 -2.00 -3.00 1.00 -2.00 -2.00 0.00
0.00 -1.00 0.00 3.00 5.00 0.00 -3.00 -2.00
-1.00 -3.00 1.00 1.00 1.00 -1.00 0.00 2.00
-1.00 -2.00 -1.00 0.00 -5.00 -2.00 2.00 -2.00
-1.00 -1.00 0.00 -5.00 2.00 -2.00 -5.00 0.00
-2.00 -2.00 0.00 -6.00 3.00 2.00 1.00 -1.00
1.00 0.00 2.00 1.00 -18.00 0.00 -2.00 -1.00
1.00 -2.00 1.00 -2.00 2.00 0.00 0.00 -1.00
-1.00 -2.00 -3.00 4.00 18.00 -4.00 1.00 -1.00
0.00 -2.00 -1.00 -3.00 -5.00 0.00 0.00 -1.00
-1.00 0.00 -1.00 -4.00 14.00 -2.00 -1.00 1.00
1.00 1.00 2.00 2.00 9.00 4.00 1.00 1.00
-1.00 -1.00 0.00 1.00 6.00 1.00 -3.00 -1.00
