-3.00 -3.00 -3.00 -2.00 0.00 -2.00 -1.00 3.00
-2.00 -2.00 -1.00 1.00 0.00 5.00 -2.00 0.00
0.00 -1.00 0.00 0.00 -1.00 -4.00 -4.00 0.00
-3.00 0.00 1.00 -1.00 0.00 0.00 5.00 2.00
-2.00 1.00 -2.00 -1.00 0.00 2.00 -4.00 -1.00
0.00 -2.00 0.00 -1.00 -3.00 -6.00 -4.00 1.00
-3.00 -5.00 -2.00 -1.00 0.00 1.00 -2.00 -2.00
-1.00 1.00 1.00 1.00 -1.00 -2.00 -7.00 -3.00
0.00 -2.00 0.00 0.00 -1.00 -3.00 -2.00 7.00
8.00 1.00 4.00 6.00 -2.00 1.00 3.00 7.00
0.00 -3.00 -1.00 -1.00 -3.00 -4.00 -1.00 3.00
-2.00 -2.00 1.00 0.00 0.00 1.00 4.00 1.00
-1.00 0.00 -3.00 -3.00 0.00 4.00 2.00 -3.00
0.00 -1.00 -1.00 -4.00 -1.00 -5.00 -3.00 -9.00
1.00 -2.00 -2.00 -1.00 -2.00 1.00 -3.00 4.00
-2.00 1.00 -1.00 -2.00 -1.00 1.00 1.00 -3.00
7.00 -3.00 0.00 -1.00 -2.00 0.00 0.00 12.00
-1.00 -3.00 -2.00 -3.00 1.00 3.00 -4.00 0.00
2.00 -1.00 -1.00 -1.00 -2.00 -1.00 3.00 -12.00
0.00 1.00 1.00 -1.00 -1.00 -5.00 6.00 3.00
1.00 -2.00 0.00 0.00 1.00 1.00 -2.00 0.00
-2.00 -2.00 0.00 2.00 0.00 -2.00 4.00 5.00
-2.00 -1.00 -1.00 -1.00 0.00 3.00 2.00 7.00
2.00 6.00 -1.00 -1.00 1.00 1.00 -4.00 -4.00
-1.00 -2.00 -3.00 0.00 -1.00 -3.00 1.00 11.00
-2.00 -5.00 -2.00 -2.00 -2.00 -3.00 0.00 0.00
-1.00 -1.00 -3.00 -4.00 -1.00 -2.00 0.00 -8.00
-3.00 -1.00 0.00 -1.00 -3.00 -1.00 0.00 -1.00
-7.00 -4.00 -2.00 -3.00 0.00 3.00 -3.00 -3.00
-2.00 -2.00 -3.00 0.00 -1.00 3.00 3.00 -6.00
-6.00 -4.00 -3.00 -1.00 0.00 -5.00 -1.00 0.00
4.00 -1.00 2.00 -1.00 -2.00 -2.00 -2.00 7.00
-2.00 1.00 -1.00 1.00 -1.00 2.00 5.00 -3.00
-1.00 -2.00 1.00 -1.00 -3.00 -5.00 3.00 5.00
-1.00 0.00 0.00 -1.00 3.00 5.00 2.00 8.00
-2.00 1.00 -3.00 -3.00 -1.00 -18.00 0.00 0.00
4.00 3.00 2.00 2.00 2.00 8.00 -3.00 0.00
-2.00 -3.00 1.00 2.00 -3.00 -2.00 -5.00 2.00
-1.00 -1.00 -1.00 -3.00 -2.00 -4.00 -1.00 -4.00
-1.00 0.00 1.00 -1.00 0.00 0.00 -2.00 -5.00
0.00 0.00 0.00 1.00 1.00 2.00 -5.00 -2.00
-1.00 -1.00 -2.00 -3.00 -1.00 -3.00 -5.00 -7.00
-3.00 -2.00 -3.00 -4.00 -3.00 -4.00 5.00 5.00
-1.00 1.00 1.00 -1.00 0.00 1.00 1.00 4.00
0.00 -4.00 -1.00 1.00 0.00 1.00 0.00 -2.00
-2.00 -2.00 0.00 1.00 -2.00 -3.00 2.00 2.00
0.00 0.00 -3.00 -4.00 1.00 -1.00 -1.00 -2.00
4.00 0.00 -2.00 0.00 -3.00 -8.00 7.00 -3.00
1.00 -2.00 -1.00 -2.00 -2.00 2.00 0.00 -2.00
-4.00 -1.00 0.00 -3.00 -1.00 -4.00 3.00 -2.00
0.00 0.00 1.00 0.00 0.00 2.00 1.00 -1.00
-1.00 -2.00 0.00 0.00 -2.00 -4.00 -13.00 2.00
-2.00 0.00 -2.00 -3.00 -3.00 3.00 4.00 4.00
-1.00 -1.00 -1.00 1.00 -2.00 -4.00 -1.00 3.00
2.00 1.00 -1.00 3.00 0.00 -3.00 0.00 3.00
1.00 -1.00 1.00 1.00 1.00 -1.00 -2.00 2.00
5.00 2.00 -1.00 -1.00 0.00 2.00 -2.00 4.00
-3.00 -1.00 -1.00 -1.00 2.00 1.00 5.00 -1.00
-1.00 -1.00 -1.00 -3.00 -3.00 -2.00 -1.00 7.00
-1.00 0.00 1.00 -2.00 1.00 0.00 -4.00 -2.00
-3.00 -2.00 -2.00 -3.00 0.00 0.00 -5.00 -4.00
5.00 -2.00 -1.00 -1.00 0.00 0.00 -2.00 5.00
-2.00 0.00 -1.00 2.00 2.00 6.00 -2.00 0.00
-2.00 0.00 0.00 3.00 -2.00 -3.00 4.00 -10.00
3.00 0.00 0.00 -3.00 0.00 -3.00 -2.00 2.00
-3.00 0.00 0.00 1.00 1.00 11.00 4.00 -3.00
-2.00 -5.00 -3.00 -3.00 -2.00 -2.00 -5.00 2.00
2.00 0.00 -1.00 -2.00 1.00 0.00 -2.00 1.00
-2.00 -2.00 -2.00 -3.00 3.00 7.00 -3.00 5.00
-1.00 -5.00 -1.00 -1.00 0.00 -2.00 1.00 2.00
-1.00 2.00 0.00 -2.00 -1.00 0.00 -1.00 0.00
2.00 -2.00 -2.00 0.00 1.00 -1.00 6.00 5.00
4.00 4.00 1.00 0.00 0.00 9.00 -2.00 -2.00
-2.00 -1.00 2.00 1.00 -1.00 -3.00 -2.00 -2.00
2.00 1.00 0.00 1.00 1.00 -2.00 -1.00 -1.00
-4.00 0.00 0.00 -1.00 -4.00 -5.00 -4.00 0.00
0.00 -1.00 -5.00 -2.00 1.00 5.00 -3.00 3.00
-1.00 -1.00 -8.00 -8.00 -2.00 -11.00 2.00 0.00
0.00 -1.00 0.00 -1.00 -8.00 -1.00 5.00 -2.00
-2.00 -2.00 -1.00 5.00 7.00 59.00 1.00 12.00
1.00 1.00 -3.00 1.00 -4.00 -34.00 2.00 -1.00
2.00 0.00 3.00 1.00 4.00 23.00 -2.00 2.00
-1.00 -2.00 -4.00 -2.00 -4.00 -21.00 -13.00 1.00
-1.00 -1.00 0.00 5.00 10.00 34.00 -1.00 -6.00
1.00 -1.00 -2.00 -2.00 -4.00 5.00 -3.00 14.00
-3.00 -2.00 -5.00 -21.00 -7.00 31.00 0.00 -4.00
-1.00 -1.00 5.00 8.00 0.00 -2.00 -9.00 -2.00
1.00 0.00 -4.00 2.00 -2.00 -1.00 8.00 -1.00
-3.00 0.00 -2.00 5.00 0.00 5.00 -1.00 1.00
-1.00 -1.00 3.00 9.00 9.00 1.00 0.00 -1.00
-1.00 -1.00 -3.00 -54.00 -21.00 -7.00 -2.00 -2.00
-2.00 -1.00 -3.00 1.00 -13.00 -2.00 0.00 2.00
1.00 1.00 5.00 29.00 9.00 4.00 2.00 1.00
-1.00 -2.00 -6.00 -55.00 -16.00 -5.00 -3.00 -1.00
0.00 -1.00 -1.00 60.00 -5.00 -1.00 -3.00 0.00
-1.00 -2.00 -5.00 -48.00 -2.00 -6.00 -2.00 -2.00
0.00 -2.00 -10.00 -48.00 -10.00 -1.00 -3.00 -2.00
0.00 -4.00 -2.00 28.00 -14.00 -5.00 -2.00 -1.00
0.00 2.00 0.00 -20.00 -5.00 0.00 -2.00 11.00
-1.00 -1.00 -3.00 -1.00 -1.00 -2.00 -1.00 -3.00
