1.00 2.00 2.00 -6.00 1.00 1.00 3.00 0.00
0.00 0.00 0.00 -17.00 -1.00 0.00 0.00 -1.00
0.00 -1.00 -1.00 -3.00 1.00 1.00 -1.00 -1.00
0.00 0.00 -1.00 -9.00 -3.00 -4.00 -3.00 -1.00
-3.00 1.00 -1.00 6.00 3.00 3.00 -2.00 -1.00
1.00 1.00 0.00 -10.00 3.00 3.00 2.00 -1.00
1.00 -1.00 1.00 -16.00 -3.00 0.00 -1.00 1.00
-2.00 -2.00 -3.00 11.00 -2.00 -1.00 -3.00 -1.00
1.00 0.00 -2.00 -2.00 -2.00 0.00 0.00 1.00
0.00 1.00 -1.00 11.00 4.00 1.00 -1.00 0.00
1.00 -1.00 -8.00 -35.00 -5.00 -1.00 -2.00 1.00
-2.00 -1.00 1.00 9.00 -2.00 -2.00 0.00 0.00
2.00 0.00 0.00 -13.00 -2.00 3.00 -1.00 -1.00
-1.00 0.00 -1.00 3.00 -2.00 -3.00 0.00 0.00
-2.00 1.00 4.00 -8.00 -1.00 2.00 2.00 1.00
0.00 -1.00 -4.00 -4.00 -2.00 -3.00 0.00 -2.00
1.00 0.00 3.00 -2.00 -2.00 1.00 1.00 2.00
2.00 3.00 -3.00 -4.00 1.00 0.00 -2.00 1.00
-1.00 -1.00 -2.00 11.00 -3.00 -3.00 -2.00 -1.00
0.00 -4.00 -4.00 -3.00 -1.00 1.00 -1.00 -1.00
0.00 2.00 3.00 10.00 0.00 -2.00 2.00 1.00
-2.00 -3.00 -4.00 -2.00 0.00 2.00 1.00 -1.00
0.00 -1.00 -1.00 1.00 -1.00 -1.00 2.00 1.00
1.00 1.00 2.00 -8.00 0.00 1.00 3.00 -1.00
-2.00 -1.00 -2.00 8.00 -2.00 -3.00 -3.00 -2.00
0.00 1.00 1.00 -3.00 -1.00 -5.00 -2.00 0.00
0.00 -2.00 -1.00 -5.00 2.00 2.00 -1.00 -1.00
1.00 1.00 2.00 -3.00 -1.00 -1.00 1.00 0.00
-1.00 2.00 -1.00 6.00 1.00 0.00 -2.00 0.00
-2.00 -1.00 -2.00 -3.00 -4.00 -3.00 -1.00 -2.00
1.00 0.00 0.00 -7.00 -1.00 2.00 -2.00 -2.00
-1.00 -1.00 0.00 0.00 1.00 -3.00 -1.00 1.00
-2.00 -1.00 -1.00 1.00 1.00 -2.00 -2.00 -1.00
-2.00 -1.00 -5.00 -4.00 1.00 2.00 -1.00 0.00
-1.00 0.00 1.00 -1.00 0.00 -2.00 -1.00 0.00
-1.00 1.00 0.00 19.00 -3.00 -2.00 0.00 1.00
-2.00 -3.00 -5.00 -4.00 -2.00 -3.00 -2.00 -3.00
-1.00 -1.00 0.00 -2.00 4.00 3.00 2.00 0.00
0.00 -1.00 -2.00 -6.00 -4.00 0.00 1.00 -1.00
1.00 2.00 -1.00 -31.00 -3.00 0.00 -2.00 1.00
-1.00 0.00 -1.00 3.00 -1.00 -2.00 -3.00 0.00
0.00 0.00 1.00 0.00 5.00 3.00 0.00 -1.00
-2.00 -4.00 -5.00 2.00 1.00 -1.00 1.00 -1.00
0.00 -3.00 -7.00 2.00 -1.00 -3.00 -3.00 -1.00
-1.00 1.00 0.00 0.00 -7.00 -3.00 -1.00 -1.00
-1.00 -1.00 0.00 2.00 0.00 -2.00 -1.00 -1.00
-3.00 -3.00 -2.00 2.00 1.00 -1.00 -4.00 -3.00
0.00 2.00 4.00 -3.00 3.00 0.00 2.00 0.00
-1.00 -2.00 -1.00 -2.00 -1.00 2.00 -2.00 -2.00
0.00 1.00 1.00 -4.00 1.00 -1.00 0.00 0.00
-1.00 -1.00 0.00 -8.00 0.00 -1.00 -1.00 -2.00
0.00 0.00 -1.00 -36.00 -5.00 0.00 3.00 1.00
0.00 1.00 -1.00 3.00 -1.00 -1.00 -2.00 0.00
-1.00 -2.00 -3.00 -10.00 -4.00 -2.00 -2.00 -2.00
0.00 -2.00 0.00 -4.00 -3.00 -2.00 -2.00 -1.00
-1.00 1.00 -2.00 -2.00 2.00 2.00 1.00 -1.00
-1.00 1.00 -1.00 2.00 0.00 -2.00 1.00 -2.00
0.00 0.00 2.00 2.00 -3.00 0.00 -2.00 -1.00
0.00 0.00 0.00 2.00 1.00 2.00 0.00 0.00
0.00 -1.00 -1.00 -1.00 -1.00 0.00 0.00 -2.00
-1.00 1.00 1.00 1.00 4.00 -1.00 1.00 0.00
