-1.00 -3.00 -4.00 -1.00 -3.00 -3.00 -1.00 -3.00
-2.00 0.00 0.00 -3.00 0.00 0.00 -1.00 -1.00
-1.00 0.00 -1.00 -13.00 1.00 -1.00 -2.00 -2.00
1.00 1.00 1.00 -17.00 -5.00 -3.00 -2.00 0.00
5.00 -2.00 -7.00 -21.00 -10.00 -3.00 -2.00 0.00
-1.00 0.00 -2.00 -1.00 -1.00 1.00 -2.00 -7.00
-4.00 0.00 6.00 -2.00 1.00 -3.00 -2.00 -6.00
0.00 1.00 1.00 10.00 4.00 -1.00 -1.00 -2.00
9.00 2.00 0.00 -2.00 -1.00 2.00 -2.00 -13.00
62.00 4.00 0.00 -1.00 -2.00 -4.00 -2.00 -39.00
-19.00 -6.00 -11.00 4.00 6.00 -1.00 28.00 38.00
70.00 82.00 19.00 10.00 -6.00 0.00 44.00 58.00
-32.00 4.00 -14.00 -16.00 -8.00 -8.00 -37.00 -64.00
3.00 -59.00 -19.00 -3.00 -5.00 9.00 56.00 106.00
23.00 -20.00 -47.00 -20.00 -15.00 -17.00 -57.00 -40.00
-46.00 -46.00 -12.00 17.00 7.00 -6.00 -128.00 -51.00
-38.00 -64.00 13.00 -9.00 2.00 1.00 -38.00 -57.00
-36.00 36.00 17.00 7.00 -6.00 -28.00 -128.00 -52.00
107.00 -28.00 7.00 -4.00 -11.00 -11.00 -128.00 -66.00
-100.00 -42.00 -23.00 -9.00 -4.00 -7.00 9.00 -48.00
33.00 16.00 -2.00 -2.00 -2.00 2.00 14.00 26.00
1.00 9.00 8.00 24.00 15.00 -4.00 2.00 0.00
8.00 5.00 -3.00 -10.00 20.00 -1.00 7.00 9.00
5.00 4.00 -3.00 59.00 25.00 6.00 -3.00 2.00
-4.00 2.00 11.00 62.00 -1.00 -2.00 -1.00 0.00
14.00 -2.00 5.00 10.00 7.00 0.00 0.00 -4.00
-2.00 0.00 2.00 -28.00 -3.00 -1.00 0.00 0.00
5.00 -2.00 -4.00 -6.00 -2.00 -1.00 5.00 3.00
-7.00 -1.00 -1.00 3.00 1.00 2.00 0.00 -16.00
-1.00 1.00 1.00 10.00 1.00 -1.00 -2.00 -1.00
-2.00 0.00 0.00 5.00 6.00 -2.00 -3.00 -3.00
2.00 1.00 4.00 4.00 3.00 5.00 -1.00 -4.00
-12.00 -1.00 2.00 24.00 -9.00 -4.00 -2.00 -3.00
5.00 -2.00 -5.00 1.00 0.00 0.00 0.00 0.00
1.00 -2.00 0.00 0.00 -6.00 -4.00 -3.00 -1.00
9.00 3.00 4.00 7.00 1.00 2.00 1.00 2.00
