1.00 -3.00 -1.00 -6.00 -8.00 -2.00 -4.00 -1.00
-1.00 -1.00 0.00 -2.00 -9.00 -2.00 -2.00 -1.00
0.00 -3.00 -4.00 -7.00 2.00 2.00 1.00 -1.00
-1.00 0.00 -4.00 -3.00 1.00 1.00 2.00 0.00
23.00 11.00 2.00 2.00 -1.00 1.00 1.00 30.00
-4.00 -1.00 -2.00 3.00 4.00 1.00 3.00 20.00
61.00 -5.00 -1.00 2.00 -1.00 -7.00 -112.00 2.00
46.00 -5.00 -3.00 -5.00 -6.00 -5.00 90.00 118.00
38.00 -2.00 -21.00 -17.00 -10.00 7.00 67.00 31.00
-64.00 13.00 18.00 9.00 0.00 -16.00 -49.00 -1.00
16.00 -41.00 -12.00 -13.00 -4.00 -6.00 4.00 97.00
119.00 25.00 14.00 -13.00 -2.00 -1.00 -59.00 -49.00
0.00 -3.00 -17.00 -20.00 0.00 7.00 47.00 -42.00
-37.00 -27.00 7.00 -27.00 -3.00 16.00 102.00 87.00
37.00 -15.00 -32.00 -39.00 0.00 7.00 54.00 24.00
-17.00 -27.00 -6.00 -40.00 7.00 -2.00 -37.00 23.00
-76.00 13.00 12.00 6.00 -1.00 -2.00 3.00 4.00
-5.00 1.00 2.00 -14.00 2.00 0.00 2.00 -1.00
-2.00 3.00 8.00 47.00 38.00 7.00 7.00 4.00
-3.00 -2.00 -2.00 -51.00 15.00 -3.00 -3.00 -1.00
0.00 0.00 1.00 34.00 36.00 7.00 2.00 1.00
-5.00 -2.00 -8.00 14.00 -12.00 -5.00 -2.00 -19.00
0.00 -1.00 -5.00 1.00 8.00 4.00 4.00 14.00
0.00 -4.00 -5.00 24.00 7.00 3.00 5.00 3.00
-1.00 -2.00 -2.00 -57.00 -13.00 -4.00 -5.00 -2.00
0.00 -3.00 -4.00 3.00 0.00 -2.00 0.00 1.00
-1.00 0.00 0.00 9.00 8.00 1.00 0.00 -1.00
0.00 2.00 4.00 -15.00 -11.00 -1.00 2.00 0.00
-3.00 -3.00 -1.00 -21.00 1.00 -2.00 1.00 0.00
-2.00 0.00 -1.00 -8.00 2.00 0.00 -4.00 -6.00
0.00 0.00 -2.00 8.00 2.00 1.00 4.00 3.00
2.00 1.00 2.00 -4.00 7.00 1.00 1.00 0.00
1.00 0.00 -1.00 6.00 0.00 0.00 13.00 8.00
-2.00 -1.00 -2.00 -34.00 -13.00 -1.00 -3.00 -5.00
1.00 -2.00 2.00 15.00 1.00 1.00 7.00 0.00
0.00 1.00 -3.00 -14.00 -10.00 -1.00 -3.00 1.00
0.00 0.00 -2.00 -1.00 3.00 2.00 -5.00 -2.00
0.00 -1.00 -2.00 -16.00 -6.00 -2.00 -5.00 4.00
-1.00 -2.00 0.00 5.00 1.00 0.00 1.00 1.00
-2.00 0.00 -1.00 4.00 -2.00 -1.00 -3.00 -2.00
-1.00 -2.00 -1.00 -7.00 1.00 -1.00 -1.00 0.00
1.00 1.00 -3.00 -7.00 -3.00 -1.00 0.00 3.00
-3.00 -3.00 -5.00 -2.00 -8.00 -6.00 -12.00 -2.00
0.00 1.00 3.00 7.00 -1.00 -1.00 -1.00 -1.00
-1.00 -1.00 -2.00 -2.00 -4.00 -2.00 -1.00 2.00
1.00 0.00 -3.00 -29.00 2.00 2.00 3.00 -1.00
-1.00 -1.00 -3.00 -11.00 -5.00 1.00 3.00 1.00
-1.00 -1.00 -2.00 5.00 1.00 -1.00 -2.00 0.00
-1.00 -1.00 -2.00 4.00 1.00 0.00 0.00 -1.00
-1.00 -1.00 -1.00 18.00 -4.00 -3.00 -1.00 2.00
-1.00 2.00 6.00 -13.00 -1.00 2.00 -1.00 1.00
0.00 -1.00 -1.00 -7.00 1.00 2.00 2.00 1.00
0.00 -2.00 1.00 23.00 -4.00 0.00 1.00 0.00
0.00 -2.00 -1.00 5.00 1.00 -2.00 -1.00 0.00
1.00 1.00 1.00 -6.00 -3.00 0.00 -1.00 2.00
-2.00 1.00 0.00 1.00 -2.00 -3.00 -2.00 -2.00
0.00 -1.00 1.00 -6.00 4.00 1.00 0.00 2.00
1.00 0.00 -2.00 -7.00 0.00 -2.00 -2.00 1.00
-2.00 2.00 2.00 4.00 -3.00 -1.00 -1.00 -1.00
0.00 -1.00 -1.00 -1.00 4.00 1.00 -2.00 -1.00
0.00 -2.00 0.00 6.00 3.00 3.00 1.00 3.00
