0.00 0.00 1.00 3.00 1.00 -1.00 -2.00 -2.00
-1.00 -2.00 -1.00 -8.00 -1.00 0.00 0.00 2.00
-2.00 0.00 -1.00 11.00 -1.00 -2.00 -2.00 -1.00
1.00 0.00 -3.00 -11.00 1.00 2.00 1.00 -1.00
-1.00 0.00 -1.00 -9.00 2.00 -1.00 -3.00 -1.00
-16.00 -4.00 3.00 2.00 1.00 0.00 -36.00 -27.00
-80.00 -12.00 2.00 -2.00 3.00 -2.00 -51.00 6.00
5.00 -20.00 -25.00 -8.00 0.00 10.00 88.00 -68.00
44.00 29.00 -5.00 -6.00 -6.00 -15.00 -83.00 -50.00
64.00 8.00 -12.00 3.00 -9.00 -10.00 -71.00 60.00
-50.00 -2.00 -16.00 6.00 8.00 19.00 51.00 -55.00
-65.00 -85.00 3.00 -13.00 -12.00 -6.00 28.00 -52.00
-44.00 9.00 -7.00 -19.00 -5.00 7.00 56.00 127.00
-17.00 9.00 -4.00 5.00 -1.00 6.00 47.00 -6.00
-12.00 -3.00 -8.00 -4.00 -8.00 24.00 2.00 -19.00
-3.00 -5.00 -25.00 -58.00 28.00 -11.00 -9.00 -5.00
-2.00 3.00 1.00 3.00 -10.00 2.00 1.00 -3.00
-5.00 -1.00 -7.00 -30.00 -5.00 -8.00 -2.00 -4.00
-4.00 -2.00 -2.00 11.00 -2.00 -3.00 -7.00 4.00
-1.00 1.00 -6.00 -24.00 -4.00 2.00 12.00 2.00
-1.00 -2.00 -4.00 -31.00 -22.00 0.00 -2.00 3.00
-3.00 -1.00 -4.00 -43.00 -11.00 -2.00 -4.00 -4.00
1.00 3.00 1.00 18.00 -7.00 -1.00 0.00 4.00
0.00 -2.00 0.00 10.00 6.00 1.00 5.00 3.00
1.00 0.00 1.00 27.00 2.00 4.00 0.00 0.00
-2.00 -1.00 -1.00 -21.00 -9.00 -3.00 -2.00 2.00
-2.00 -1.00 1.00 -2.00 -7.00 -3.00 0.00 0.00
0.00 0.00 1.00 9.00 2.00 0.00 1.00 0.00
0.00 2.00 3.00 14.00 0.00 -5.00 -2.00 -2.00
-1.00 1.00 2.00 6.00 -1.00 -1.00 -1.00 -2.00
-1.00 -3.00 2.00 6.00 -3.00 -3.00 -1.00 -3.00
-1.00 -1.00 1.00 1.00 0.00 0.00 -3.00 -1.00
0.00 0.00 1.00 0.00 1.00 -2.00 -8.00 4.00
-1.00 -2.00 -4.00 3.00 5.00 -1.00 -5.00 -4.00
0.00 -1.00 3.00 -9.00 -7.00 4.00 -9.00 0.00
-2.00 -1.00 3.00 24.00 3.00 -7.00 -6.00 -8.00
