-3.00 0.00 1.00 23.00 -1.00 -5.00 -2.00 -5.00
-5.00 -1.00 0.00 -5.00 -1.00 -2.00 -8.00 -6.00
0.00 0.00 0.00 -12.00 -8.00 -3.00 -3.00 -5.00
8.00 5.00 1.00 11.00 -1.00 -3.00 0.00 5.00
1.00 -2.00 2.00 7.00 -2.00 -2.00 -3.00 1.00
-79.00 -11.00 3.00 -3.00 -11.00 2.00 -24.00 -4.00
52.00 32.00 -5.00 1.00 9.00 20.00 79.00 -10.00
88.00 126.00 8.00 -9.00 -7.00 -30.00 -128.00 50.00
-47.00 -32.00 74.00 36.00 25.00 41.00 127.00 39.00
-62.00 -67.00 1.00 -55.00 1.00 16.00 69.00 -35.00
28.00 51.00 48.00 127.00 25.00 6.00 -6.00 83.00
127.00 96.00 49.00 80.00 0.00 -72.00 -106.00 7.00
-128.00 -73.00 -101.00 1.00 1.00 44.00 71.00 -73.00
-78.00 49.00 4.00 -12.00 5.00 -3.00 -85.00 -56.00
101.00 40.00 24.00 32.00 27.00 -72.00 79.00 -57.00
-7.00 -11.00 11.00 36.00 -1.00 -47.00 -77.00 -83.00
3.00 -5.00 -12.00 -33.00 -3.00 33.00 -20.00 57.00
-50.00 -65.00 -31.00 45.00 -13.00 10.00 -50.00 -53.00
-90.00 2.00 -3.00 -22.00 -10.00 -22.00 17.00 -72.00
-55.00 19.00 8.00 -9.00 7.00 7.00 -47.00 -110.00
127.00 57.00 34.00 36.00 17.00 10.00 103.00 127.00
107.00 15.00 23.00 99.00 -7.00 -42.00 -6.00 -7.00
-92.00 -49.00 -27.00 73.00 -16.00 37.00 -8.00 92.00
63.00 45.00 19.00 -43.00 23.00 -14.00 9.00 101.00
-42.00 -12.00 -24.00 7.00 -14.00 -3.00 -36.00 -106.00
-61.00 -8.00 4.00 -36.00 -19.00 -17.00 -51.00 37.00
-5.00 41.00 10.00 -18.00 -12.00 -2.00 18.00 26.00
-71.00 4.00 -7.00 73.00 3.00 -10.00 -2.00 -41.00
-7.00 15.00 -6.00 8.00 3.00 8.00 20.00 -128.00
1.00 -5.00 9.00 52.00 9.00 15.00 3.00 7.00
7.00 13.00 23.00 -32.00 11.00 19.00 19.00 19.00
5.00 10.00 12.00 -15.00 -2.00 6.00 5.00 10.00
2.00 1.00 14.00 84.00 -8.00 9.00 10.00 -2.00
-1.00 -2.00 -11.00 -115.00 5.00 2.00 15.00 -10.00
0.00 2.00 1.00 -67.00 -3.00 4.00 -10.00 3.00
1.00 0.00 -7.00 -39.00 9.00 4.00 -7.00 5.00
1.00 1.00 0.00 43.00 -8.00 -3.00 6.00 0.00
1.00 1.00 3.00 8.00 2.00 4.00 17.00 8.00
0.00 1.00 1.00 13.00 16.00 5.00 -2.00 -17.00
1.00 -2.00 -5.00 -29.00 -19.00 -7.00 -14.00 -7.00
-3.00 -3.00 9.00 24.00 1.00 -8.00 1.00 -1.00
-1.00 -1.00 -4.00 -5.00 1.00 2.00 5.00 -8.00
-1.00 2.00 3.00 23.00 9.00 -1.00 2.00 6.00
2.00 1.00 -1.00 4.00 5.00 1.00 -11.00 3.00
0.00 -1.00 1.00 4.00 4.00 1.00 5.00 2.00
2.00 2.00 -8.00 -24.00 7.00 5.00 10.00 -9.00
