0.00 0.00 2.00 13.00 0.00 0.00 -5.00 1.00
0.00 -1.00 -2.00 -5.00 0.00 -1.00 13.00 3.00
-1.00 -1.00 2.00 -3.00 1.00 -4.00 -10.00 4.00
-2.00 0.00 4.00 8.00 3.00 1.00 -7.00 2.00
80.00 16.00 0.00 -4.00 -2.00 -3.00 13.00 22.00
-34.00 -22.00 -46.00 -16.00 -13.00 -10.00 10.00 -46.00
-9.00 -31.00 25.00 -3.00 11.00 50.00 106.00 -85.00
83.00 50.00 9.00 14.00 6.00 -4.00 -60.00 -59.00
-72.00 -44.00 16.00 20.00 -3.00 14.00 -43.00 107.00
-86.00 -3.00 7.00 27.00 15.00 97.00 96.00 -80.00
68.00 -22.00 -3.00 -61.00 -1.00 36.00 -100.00 85.00
12.00 -2.00 17.00 -38.00 5.00 59.00 117.00 -80.00
-110.00 -34.00 -55.00 2.00 -21.00 7.00 -82.00 -23.00
-2.00 -22.00 17.00 -14.00 22.00 -58.00 -61.00 -20.00
-36.00 -25.00 -14.00 8.00 -24.00 7.00 71.00 -29.00
-41.00 16.00 -37.00 -102.00 -13.00 32.00 22.00 2.00
116.00 11.00 5.00 11.00 4.00 29.00 -59.00 127.00
64.00 -25.00 -16.00 -12.00 4.00 14.00 73.00 -44.00
47.00 42.00 -9.00 -50.00 -10.00 -55.00 -77.00 5.00
62.00 -7.00 -23.00 -97.00 -1.00 -49.00 -34.00 11.00
-35.00 -26.00 13.00 44.00 3.00 33.00 -69.00 -3.00
85.00 -14.00 25.00 -2.00 -22.00 -2.00 4.00 43.00
81.00 36.00 2.00 91.00 -22.00 3.00 60.00 58.00
45.00 -16.00 -11.00 -94.00 -3.00 -51.00 -61.00 29.00
75.00 -18.00 30.00 36.00 -1.00 3.00 8.00 -37.00
-7.00 -22.00 11.00 4.00 11.00 -16.00 30.00 -67.00
74.00 2.00 -19.00 29.00 -1.00 20.00 -21.00 -17.00
53.00 13.00 20.00 -28.00 7.00 -63.00 67.00 127.00
-13.00 -2.00 19.00 34.00 -7.00 18.00 -17.00 14.00
58.00 -1.00 8.00 63.00 11.00 33.00 13.00 -39.00
-115.00 -15.00 39.00 70.00 3.00 -25.00 -8.00 1.00
-11.00 34.00 70.00 82.00 -6.00 -61.00 -50.00 -31.00
-8.00 2.00 20.00 41.00 12.00 39.00 -14.00 -10.00
58.00 34.00 42.00 -55.00 -21.00 24.00 50.00 -70.00
-2.00 -8.00 26.00 -34.00 6.00 -31.00 -14.00 10.00
-73.00 -9.00 14.00 -15.00 -14.00 23.00 35.00 -3.00
5.00 4.00 -2.00 -61.00 5.00 13.00 26.00 -23.00
-12.00 -7.00 -16.00 -74.00 -12.00 5.00 -10.00 -8.00
1.00 -3.00 -16.00 -77.00 -15.00 9.00 14.00 4.00
2.00 -3.00 -8.00 2.00 9.00 22.00 6.00 1.00
-11.00 -11.00 -12.00 50.00 0.00 -18.00 -16.00 -10.00
-13.00 -8.00 18.00 121.00 -34.00 -6.00 -19.00 -1.00
-1.00 -2.00 -4.00 -9.00 -8.00 -7.00 -19.00 -22.00
5.00 1.00 -4.00 -34.00 -2.00 5.00 3.00 7.00
2.00 1.00 6.00 10.00 2.00 0.00 -11.00 -4.00
-3.00 -7.00 -20.00 3.00 -3.00 -8.00 -22.00 0.00
0.00 1.00 -1.00 -13.00 6.00 4.00 -5.00 -4.00
-3.00 1.00 6.00 72.00 13.00 3.00 3.00 0.00
-8.00 -1.00 -1.00 -23.00 -6.00 -7.00 -6.00 7.00
-6.00 -1.00 0.00 21.00 -27.00 -5.00 -27.00 -15.00
1.00 -1.00 0.00 -22.00 4.00 1.00 10.00 0.00
1.00 0.00 -3.00 -15.00 2.00 -2.00 -1.00 -1.00
-10.00 -4.00 11.00 75.00 -6.00 -3.00 -2.00 -4.00
1.00 -3.00 2.00 7.00 4.00 -1.00 -5.00 -16.00
2.00 2.00 -4.00 14.00 17.00 4.00 1.00 -1.00
-1.00 -1.00 2.00 -1.00 0.00 0.00 -3.00 2.00
1.00 1.00 -3.00 -22.00 -7.00 -4.00 -5.00 2.00
-1.00 0.00 -6.00 2.00 7.00 1.00 4.00 9.00
-1.00 1.00 2.00 7.00 -1.00 -1.00 -5.00 -5.00
1.00 3.00 1.00 -10.00 1.00 2.00 -2.00 -5.00
1.00 0.00 5.00 5.00 -7.00 -3.00 2.00 0.00
