2.00 0.00 0.00 -2.00 9.00 0.00 3.00 3.00
-1.00 0.00 3.00 17.00 3.00 -2.00 1.00 0.00
2.00 1.00 1.00 9.00 -1.00 0.00 4.00 3.00
-2.00 -2.00 -3.00 5.00 3.00 -2.00 -3.00 -1.00
2.00 4.00 5.00 -9.00 -28.00 1.00 3.00 2.00
1.00 -2.00 1.00 1.00 28.00 10.00 8.00 1.00
7.00 7.00 7.00 -37.00 0.00 14.00 11.00 11.00
-7.00 1.00 6.00 -77.00 -1.00 -8.00 -8.00 -7.00
7.00 8.00 17.00 38.00 -7.00 18.00 13.00 9.00
-2.00 -6.00 2.00 -78.00 -26.00 -3.00 -5.00 -1.00
19.00 -8.00 -32.00 -35.00 -69.00 -28.00 -12.00 -5.00
10.00 9.00 55.00 92.00 -10.00 15.00 10.00 6.00
11.00 24.00 74.00 -73.00 54.00 37.00 21.00 13.00
-14.00 -7.00 43.00 -20.00 -103.00 -41.00 -10.00 -9.00
11.00 13.00 32.00 36.00 114.00 -30.00 3.00 14.00
-26.00 -44.00 -128.00 25.00 32.00 -55.00 -29.00 -22.00
30.00 39.00 57.00 -22.00 93.00 61.00 31.00 22.00
-5.00 2.00 -19.00 -83.00 118.00 -39.00 -13.00 -4.00
8.00 -3.00 -19.00 44.00 -45.00 47.00 23.00 9.00
-1.00 -9.00 -61.00 68.00 48.00 45.00 13.00 8.00
-3.00 -5.00 -9.00 -89.00 -87.00 -33.00 -15.00 -12.00
-10.00 -2.00 30.00 -8.00 -36.00 -61.00 -13.00 -10.00
9.00 20.00 54.00 -74.00 20.00 -40.00 -14.00 1.00
4.00 3.00 5.00 -128.00 15.00 31.00 26.00 11.00
-7.00 -14.00 -104.00 -50.00 -34.00 -1.00 -1.00 3.00
-3.00 -11.00 -8.00 43.00 -10.00 -13.00 -5.00 -3.00
-7.00 -6.00 -28.00 76.00 -36.00 -5.00 -11.00 -5.00
13.00 9.00 9.00 76.00 0.00 -4.00 25.00 41.00
-1.00 0.00 4.00 14.00 10.00 0.00 -19.00 5.00
-1.00 2.00 1.00 -15.00 2.00 -4.00 -9.00 7.00
-4.00 2.00 -1.00 1.00 -10.00 -2.00 8.00 19.00
6.00 6.00 4.00 42.00 20.00 6.00 33.00 6.00
-4.00 -3.00 -5.00 -15.00 7.00 -3.00 -5.00 -2.00
0.00 -2.00 1.00 7.00 1.00 5.00 3.00 5.00
0.00 1.00 1.00 14.00 -4.00 -5.00 4.00 20.00
0.00 -1.00 -3.00 -1.00 -13.00 -2.00 1.00 -8.00
-20.00 -1.00 -5.00 -6.00 -3.00 -2.00 -1.00 4.00
5.00 -2.00 1.00 -2.00 -4.00 -3.00 -3.00 2.00
-9.00 -1.00 2.00 -3.00 -14.00 -2.00 -4.00 5.00
1.00 0.00 1.00 -1.00 4.00 -1.00 1.00 0.00
1.00 0.00 -2.00 14.00 12.00 2.00 4.00 -1.00
