-2.00 -1.00 -3.00 3.00 -10.00 -3.00 -4.00 -2.00
-2.00 -4.00 -4.00 1.00 6.00 4.00 4.00 -1.00
-2.00 -2.00 -1.00 3.00 1.00 1.00 8.00 0.00
0.00 1.00 2.00 -1.00 -6.00 -1.00 -3.00 -3.00
-2.00 0.00 -3.00 3.00 1.00 -4.00 -2.00 1.00
0.00 0.00 -1.00 4.00 1.00 3.00 1.00 -1.00
-1.00 -1.00 -1.00 -5.00 -1.00 -3.00 -3.00 -2.00
0.00 0.00 -1.00 10.00 4.00 1.00 1.00 -3.00
1.00 0.00 2.00 -5.00 -17.00 10.00 3.00 0.00
-2.00 0.00 4.00 -10.00 12.00 -3.00 -4.00 -1.00
-3.00 -6.00 -4.00 127.00 -6.00 -12.00 -5.00 -3.00
-6.00 4.00 -8.00 -20.00 43.00 0.00 -1.00 3.00
-65.00 -10.00 -32.00 9.00 49.00 -44.00 -30.00 -29.00
9.00 7.00 -72.00 -2.00 -41.00 32.00 19.00 13.00
-46.00 -78.00 -101.00 -61.00 -97.00 -55.00 -39.00 -31.00
-13.00 -9.00 -46.00 64.00 5.00 -18.00 -3.00 -3.00
18.00 1.00 -14.00 55.00 55.00 22.00 9.00 7.00
-11.00 -2.00 59.00 -128.00 -11.00 -34.00 -15.00 -5.00
21.00 -19.00 -72.00 -112.00 -80.00 -46.00 -96.00 -25.00
36.00 26.00 -52.00 2.00 0.00 91.00 61.00 27.00
-14.00 -36.00 -32.00 -15.00 -47.00 -38.00 -45.00 -15.00
-31.00 29.00 124.00 -36.00 66.00 -43.00 23.00 5.00
17.00 -8.00 20.00 -34.00 6.00 5.00 -15.00 1.00
-10.00 -4.00 31.00 74.00 -9.00 -13.00 -45.00 -6.00
-6.00 -12.00 -70.00 -12.00 -43.00 -3.00 -2.00 0.00
-7.00 -8.00 12.00 3.00 2.00 -16.00 -8.00 -7.00
13.00 17.00 16.00 85.00 26.00 6.00 -9.00 4.00
-13.00 -27.00 3.00 47.00 11.00 10.00 22.00 15.00
-6.00 5.00 6.00 -28.00 2.00 0.00 -1.00 -1.00
-1.00 2.00 0.00 14.00 -3.00 -4.00 1.00 5.00
4.00 2.00 4.00 75.00 -2.00 -3.00 -2.00 -3.00
8.00 -4.00 0.00 -32.00 5.00 -1.00 2.00 -4.00
-2.00 -1.00 3.00 -8.00 -8.00 -3.00 13.00 5.00
-3.00 -2.00 1.00 17.00 -6.00 -4.00 1.00 3.00
-5.00 -1.00 -6.00 -25.00 1.00 4.00 -2.00 0.00
-2.00 -1.00 0.00 35.00 5.00 -6.00 1.00 2.00
-1.00 -2.00 -1.00 -16.00 -7.00 2.00 2.00 -12.00
-5.00 0.00 1.00 -3.00 -2.00 -6.00 -11.00 -8.00
-3.00 0.00 -1.00 25.00 4.00 1.00 0.00 -4.00
-1.00 1.00 0.00 14.00 1.00 4.00 3.00 6.00
-1.00 -4.00 -6.00 -9.00 6.00 -2.00 1.00 16.00
-3.00 -1.00 -2.00 -8.00 -6.00 -4.00 -4.00 -7.00
-1.00 -2.00 -3.00 12.00 -1.00 -2.00 3.00 6.00
-1.00 1.00 -1.00 -3.00 -5.00 -4.00 3.00 -3.00
-3.00 0.00 -4.00 -6.00 7.00 3.00 1.00 -14.00
-1.00 -1.00 1.00 3.00 1.00 7.00 14.00 4.00
0.00 -3.00 -2.00 10.00 5.00 8.00 2.00 -1.00
-2.00 -1.00 0.00 -5.00 -8.00 -5.00 -11.00 -18.00
2.00 2.00 2.00 -4.00 1.00 1.00 7.00 10.00
-1.00 0.00 3.00 -1.00 -11.00 2.00 6.00 14.00
0.00 -1.00 -1.00 -1.00 0.00 0.00 -6.00 0.00
1.00 0.00 0.00 1.00 -2.00 -6.00 -11.00 -3.00
-1.00 -2.00 -5.00 -1.00 0.00 -1.00 -6.00 -8.00
-1.00 -2.00 -2.00 -4.00 -2.00 -3.00 -1.00 12.00
-1.00 2.00 3.00 4.00 1.00 -1.00 0.00 -1.00
0.00 0.00 0.00 -8.00 -3.00 -1.00 4.00 6.00
0.00 0.00 2.00 2.00 3.00 4.00 -2.00 -1.00
-1.00 -1.00 -2.00 -8.00 0.00 0.00 4.00 0.00
1.00 0.00 0.00 -1.00 1.00 4.00 -3.00 -5.00
0.00 3.00 2.00 0.00 -11.00 -7.00 -6.00 -4.00
0.00 0.00 1.00 9.00 -9.00 -8.00 -4.00 1.00
