-2.00 -3.00 -7.00 -22.00 -3.00 5.00 6.00 0.00
-3.00 0.00 0.00 7.00 16.00 -7.00 -4.00 -1.00
2.00 -1.00 -5.00 -17.00 -2.00 1.00 1.00 1.00
-1.00 -3.00 -11.00 -42.00 -2.00 -7.00 0.00 -2.00
0.00 -1.00 0.00 22.00 6.00 -1.00 -4.00 -1.00
2.00 0.00 1.00 1.00 11.00 2.00 2.00 1.00
-2.00 -4.00 -1.00 2.00 2.00 -2.00 -1.00 -1.00
1.00 1.00 4.00 7.00 2.00 4.00 2.00 2.00
0.00 -1.00 -6.00 -14.00 1.00 -1.00 11.00 0.00
-1.00 0.00 2.00 -1.00 -1.00 0.00 -2.00 -2.00
-1.00 -2.00 0.00 13.00 4.00 0.00 -3.00 2.00
0.00 0.00 0.00 4.00 -3.00 -2.00 -4.00 -1.00
-1.00 -1.00 1.00 0.00 10.00 2.00 0.00 1.00
0.00 0.00 2.00 18.00 11.00 -1.00 -1.00 0.00
1.00 0.00 2.00 -32.00 -12.00 -7.00 -2.00 0.00
2.00 2.00 2.00 38.00 21.00 7.00 6.00 5.00
9.00 9.00 -3.00 1.00 -14.00 23.00 12.00 9.00
-2.00 -9.00 -47.00 -75.00 29.00 -11.00 -3.00 -5.00
6.00 14.00 33.00 -2.00 27.00 12.00 6.00 2.00
-11.00 5.00 26.00 -11.00 -98.00 -7.00 -4.00 -6.00
-26.00 -39.00 -22.00 81.00 87.00 -48.00 -35.00 -26.00
6.00 1.00 -75.00 -57.00 35.00 35.00 19.00 9.00
-1.00 -5.00 -33.00 -73.00 -38.00 -9.00 -2.00 0.00
-14.00 -8.00 -45.00 -19.00 -16.00 -3.00 -4.00 -4.00
1.00 4.00 16.00 33.00 91.00 23.00 5.00 1.00
13.00 18.00 71.00 84.00 -57.00 13.00 14.00 10.00
3.00 2.00 0.00 78.00 -62.00 1.00 9.00 5.00
2.00 8.00 45.00 -23.00 24.00 -2.00 2.00 1.00
-1.00 3.00 59.00 11.00 -67.00 -11.00 1.00 -2.00
3.00 7.00 20.00 -85.00 -86.00 -10.00 -1.00 2.00
-2.00 -4.00 -17.00 -9.00 22.00 11.00 4.00 -2.00
-3.00 -6.00 1.00 13.00 22.00 2.00 -3.00 -6.00
5.00 0.00 -2.00 7.00 2.00 3.00 -10.00 4.00
-5.00 -5.00 -6.00 -8.00 -4.00 -1.00 5.00 1.00
2.00 -5.00 -10.00 -31.00 -1.00 3.00 9.00 16.00
-2.00 -2.00 -1.00 12.00 1.00 0.00 0.00 0.00
-2.00 1.00 -1.00 12.00 -9.00 0.00 11.00 2.00
-1.00 3.00 1.00 9.00 -2.00 -1.00 0.00 -1.00
0.00 -1.00 -1.00 6.00 2.00 2.00 -2.00 -1.00
-1.00 -1.00 2.00 4.00 -5.00 -2.00 0.00 -1.00
0.00 -2.00 -1.00 -5.00 0.00 1.00 2.00 0.00
0.00 -3.00 2.00 -6.00 -6.00 1.00 2.00 0.00
-1.00 -2.00 -4.00 -32.00 -6.00 -3.00 -1.00 0.00
-2.00 -2.00 1.00 11.00 -6.00 -3.00 1.00 3.00
-1.00 1.00 -4.00 -1.00 -2.00 -2.00 0.00 1.00
1.00 1.00 1.00 7.00 5.00 0.00 0.00 7.00
