-1.00 0.00 1.00 -5.00 4.00 1.00 0.00 4.00
0.00 2.00 2.00 -1.00 2.00 1.00 -5.00 -10.00
1.00 1.00 1.00 -4.00 -3.00 -1.00 0.00 9.00
-1.00 -3.00 -3.00 2.00 1.00 1.00 5.00 6.00
-3.00 -1.00 -1.00 15.00 -1.00 -1.00 -1.00 -2.00
1.00 -1.00 -2.00 20.00 3.00 -3.00 -4.00 2.00
-1.00 -2.00 -1.00 -34.00 -3.00 3.00 1.00 -3.00
-1.00 0.00 1.00 -2.00 3.00 5.00 5.00 -5.00
29.00 -2.00 -2.00 1.00 1.00 5.00 22.00 -5.00
-53.00 15.00 -3.00 3.00 13.00 -2.00 -111.00 -106.00
126.00 -24.00 -30.00 7.00 -10.00 -56.00 -125.00 19.00
-97.00 -90.00 -16.00 -30.00 -19.00 -32.00 -69.00 -29.00
-5.00 57.00 -31.00 -88.00 -9.00 36.00 127.00 7.00
30.00 -20.00 41.00 86.00 43.00 63.00 113.00 82.00
-79.00 -63.00 -54.00 -27.00 -10.00 36.00 31.00 -126.00
-69.00 45.00 -18.00 36.00 -12.00 24.00 49.00 -5.00
-15.00 -29.00 -17.00 66.00 14.00 8.00 -30.00 43.00
-7.00 7.00 9.00 54.00 6.00 -13.00 -25.00 10.00
4.00 9.00 15.00 44.00 56.00 20.00 3.00 4.00
-5.00 -2.00 -18.00 -127.00 -1.00 -11.00 -4.00 -5.00
-1.00 0.00 0.00 -9.00 8.00 2.00 -16.00 -5.00
-2.00 0.00 1.00 16.00 3.00 -5.00 -3.00 14.00
-3.00 1.00 4.00 30.00 4.00 0.00 5.00 6.00
-3.00 -5.00 -15.00 0.00 0.00 1.00 0.00 -11.00
-11.00 -2.00 -5.00 2.00 -1.00 -7.00 -6.00 -2.00
5.00 -5.00 -4.00 -21.00 3.00 3.00 1.00 -2.00
1.00 -4.00 1.00 12.00 -1.00 1.00 9.00 2.00
-2.00 0.00 -2.00 7.00 -2.00 0.00 0.00 1.00
0.00 -1.00 -1.00 2.00 2.00 1.00 -6.00 -4.00
-4.00 1.00 -1.00 -4.00 -5.00 6.00 3.00 2.00
-2.00 -2.00 2.00 32.00 2.00 -1.00 -7.00 -5.00
