-1.00 1.00 -2.00 -3.00 -3.00 -1.00 -1.00 -2.00
0.00 -1.00 -1.00 2.00 -2.00 -2.00 0.00 -2.00
-1.00 0.00 1.00 0.00 6.00 -2.00 -2.00 -1.00
-1.00 0.00 -3.00 -7.00 -1.00 -1.00 1.00 -1.00
0.00 0.00 2.00 3.00 2.00 3.00 0.00 0.00
-1.00 -1.00 -2.00 -2.00 5.00 0.00 -1.00 2.00
44.00 6.00 18.00 5.00 2.00 -7.00 30.00 74.00
-41.00 -39.00 -16.00 -18.00 -16.00 4.00 76.00 118.00
-69.00 -49.00 -42.00 -24.00 -9.00 -2.00 -20.00 17.00
76.00 97.00 13.00 6.00 3.00 -7.00 -54.00 -7.00
-20.00 -16.00 -12.00 -1.00 2.00 -8.00 -63.00 -59.00
47.00 10.00 10.00 -3.00 -5.00 -9.00 -32.00 32.00
2.00 -4.00 10.00 12.00 8.00 -2.00 -20.00 -11.00
6.00 -3.00 2.00 -8.00 -6.00 2.00 -13.00 3.00
-3.00 -7.00 -36.00 -66.00 -12.00 -11.00 -5.00 1.00
2.00 0.00 1.00 17.00 -3.00 1.00 -1.00 1.00
-1.00 -7.00 -23.00 -11.00 -6.00 -2.00 -1.00 0.00
0.00 -2.00 2.00 25.00 -1.00 2.00 -7.00 -4.00
-3.00 -2.00 0.00 3.00 -2.00 -1.00 -4.00 -1.00
-1.00 0.00 1.00 -9.00 -5.00 -2.00 0.00 -2.00
-2.00 1.00 5.00 22.00 -2.00 0.00 -1.00 0.00
2.00 0.00 0.00 -6.00 2.00 1.00 1.00 -1.00
0.00 0.00 1.00 6.00 4.00 0.00 -1.00 0.00
-2.00 -1.00 -1.00 1.00 -3.00 -2.00 -2.00 -2.00
0.00 -1.00 0.00 -1.00 -5.00 0.00 0.00 -2.00
-1.00 0.00 4.00 12.00 0.00 1.00 -1.00 0.00
-1.00 -1.00 1.00 -1.00 -6.00 -1.00 0.00 0.00
0.00 -2.00 -2.00 0.00 1.00 0.00 1.00 -1.00
-1.00 -3.00 -5.00 -8.00 0.00 0.00 2.00 -1.00
0.00 -1.00 2.00 6.00 0.00 -2.00 -1.00 -1.00
0.00 1.00 -2.00 -16.00 0.00 -1.00 1.00 1.00
-2.00 -1.00 -1.00 -4.00 -7.00 -4.00 -3.00 -1.00
-2.00 0.00 -1.00 7.00 0.00 0.00 -2.00 1.00
-2.00 -1.00 0.00 3.00 -2.00 -1.00 1.00 0.00
-1.00 -1.00 -1.00 1.00 0.00 -2.00 -1.00 -1.00
-1.00 -2.00 -5.00 1.00 0.00 -1.00 1.00 -1.00
