-3.00 -1.00 -1.00 -3.00 1.00 2.00 -3.00 -9.00
1.00 1.00 0.00 2.00 2.00 -2.00 0.00 -1.00
-1.00 -1.00 0.00 -3.00 0.00 0.00 -4.00 -2.00
-2.00 -2.00 1.00 5.00 0.00 -2.00 -3.00 -18.00
1.00 -1.00 -1.00 6.00 10.00 1.00 -2.00 5.00
0.00 1.00 3.00 7.00 -4.00 -2.00 -4.00 4.00
0.00 0.00 -2.00 -5.00 -3.00 -1.00 0.00 4.00
-2.00 -2.00 -6.00 -6.00 -2.00 -1.00 1.00 2.00
-2.00 -1.00 -3.00 -2.00 7.00 1.00 4.00 -4.00
-1.00 -2.00 0.00 0.00 -10.00 -2.00 -2.00 2.00
-1.00 0.00 -7.00 -10.00 3.00 -2.00 0.00 4.00
-2.00 0.00 1.00 4.00 1.00 -4.00 -3.00 -2.00
-1.00 -2.00 -5.00 -6.00 -1.00 -2.00 -2.00 -3.00
-1.00 0.00 -2.00 11.00 -2.00 -3.00 -1.00 -2.00
-1.00 0.00 2.00 4.00 4.00 1.00 8.00 -5.00
0.00 1.00 1.00 4.00 -3.00 1.00 -2.00 -5.00
1.00 0.00 1.00 10.00 0.00 0.00 -2.00 -3.00
-2.00 -3.00 0.00 7.00 -11.00 -5.00 -6.00 -11.00
0.00 -2.00 -3.00 -38.00 -1.00 2.00 -4.00 -2.00
-1.00 -1.00 -1.00 27.00 38.00 -4.00 -5.00 5.00
-7.00 -9.00 -19.00 -23.00 -41.00 -14.00 -4.00 -1.00
-3.00 -1.00 -3.00 -34.00 -21.00 -7.00 6.00 -4.00
23.00 17.00 13.00 -67.00 6.00 21.00 11.00 10.00
-12.00 -19.00 -29.00 117.00 70.00 -27.00 -16.00 -8.00
-4.00 -3.00 60.00 -60.00 -28.00 -11.00 -7.00 -5.00
-3.00 -2.00 -12.00 21.00 16.00 2.00 -5.00 -7.00
13.00 8.00 53.00 49.00 -57.00 0.00 -6.00 7.00
-9.00 -17.00 22.00 -58.00 -121.00 -36.00 -11.00 -11.00
-10.00 5.00 -11.00 126.00 69.00 11.00 9.00 6.00
4.00 4.00 25.00 43.00 35.00 -3.00 -2.00 0.00
3.00 12.00 -2.00 -90.00 5.00 31.00 17.00 10.00
4.00 9.00 7.00 78.00 60.00 -1.00 -2.00 0.00
-3.00 -7.00 -9.00 89.00 29.00 -5.00 -4.00 -3.00
-11.00 -9.00 5.00 -41.00 -18.00 -13.00 -9.00 -16.00
0.00 5.00 -10.00 -2.00 8.00 2.00 8.00 -8.00
-20.00 -6.00 -10.00 -25.00 -6.00 -11.00 27.00 2.00
6.00 -2.00 -6.00 2.00 -10.00 -5.00 -2.00 2.00
13.00 -2.00 -2.00 12.00 9.00 6.00 2.00 12.00
-10.00 -10.00 -7.00 -3.00 -5.00 -5.00 -4.00 15.00
-7.00 -5.00 -3.00 11.00 -3.00 -5.00 -13.00 1.00
1.00 -2.00 2.00 -5.00 -5.00 -2.00 -22.00 -16.00
-2.00 2.00 1.00 -8.00 -3.00 1.00 5.00 10.00
-19.00 6.00 -1.00 4.00 -7.00 -3.00 -20.00 19.00
4.00 1.00 1.00 -6.00 10.00 2.00 12.00 -6.00
2.00 1.00 3.00 -1.00 5.00 1.00 -6.00 -6.00
-1.00 -2.00 -5.00 -11.00 4.00 1.00 -3.00 -4.00
1.00 -1.00 -1.00 0.00 1.00 -4.00 -10.00 -4.00
-1.00 -3.00 0.00 2.00 -2.00 0.00 -4.00 -6.00
0.00 -1.00 -1.00 11.00 3.00 0.00 -8.00 -16.00
0.00 -1.00 -4.00 -18.00 -3.00 -3.00 1.00 -1.00
0.00 -1.00 -3.00 -6.00 -1.00 -4.00 -1.00 0.00
-1.00 2.00 3.00 -9.00 2.00 0.00 -6.00 1.00
0.00 0.00 1.00 29.00 -2.00 -1.00 2.00 -1.00
2.00 0.00 -2.00 15.00 3.00 4.00 0.00 5.00
0.00 0.00 -1.00 -5.00 -1.00 -2.00 0.00 7.00
0.00 -3.00 -6.00 -1.00 -7.00 -2.00 5.00 1.00
-2.00 -1.00 -2.00 15.00 1.00 0.00 7.00 12.00
-2.00 -1.00 -1.00 -11.00 1.00 -3.00 -4.00 -5.00
-3.00 -1.00 -2.00 10.00 8.00 -2.00 -6.00 -2.00
1.00 -2.00 -1.00 -10.00 -2.00 -2.00 -4.00 -1.00
-1.00 0.00 1.00 16.00 4.00 -5.00 -2.00 1.00
