0.00 -1.00 -3.00 -1.00 0.00 -1.00 -1.00 0.00
-1.00 -1.00 -4.00 -14.00 -13.00 -1.00 -2.00 -1.00
0.00 1.00 1.00 6.00 5.00 1.00 -1.00 0.00
1.00 -1.00 0.00 -2.00 2.00 0.00 1.00 1.00
1.00 -1.00 2.00 4.00 -3.00 0.00 -1.00 0.00
-3.00 -2.00 0.00 -8.00 -3.00 1.00 -2.00 0.00
-2.00 -3.00 -4.00 1.00 5.00 -5.00 -3.00 -3.00
-1.00 1.00 -2.00 9.00 18.00 0.00 0.00 -1.00
1.00 -1.00 4.00 37.00 16.00 5.00 1.00 1.00
2.00 4.00 8.00 13.00 25.00 5.00 5.00 1.00
3.00 6.00 5.00 -28.00 -9.00 9.00 6.00 5.00
7.00 -2.00 0.00 -48.00 -9.00 -12.00 -4.00 2.00
8.00 6.00 -7.00 92.00 -28.00 20.00 9.00 6.00
7.00 17.00 36.00 122.00 110.00 33.00 14.00 8.00
-1.00 -2.00 -68.00 -20.00 -80.00 -21.00 -6.00 -4.00
-3.00 -9.00 -65.00 -63.00 12.00 12.00 5.00 2.00
-4.00 0.00 61.00 -16.00 -2.00 -3.00 -3.00 -4.00
16.00 22.00 44.00 102.00 17.00 19.00 8.00 10.00
3.00 -5.00 -99.00 -16.00 26.00 23.00 7.00 4.00
8.00 17.00 58.00 -96.00 -54.00 -13.00 0.00 1.00
-11.00 -9.00 -50.00 -77.00 -115.00 -22.00 -11.00 -6.00
24.00 24.00 -30.00 67.00 42.00 31.00 17.00 15.00
-1.00 -1.00 4.00 -79.00 -8.00 -8.00 -5.00 -3.00
-11.00 -2.00 -26.00 -10.00 -71.00 -10.00 -7.00 -11.00
6.00 4.00 9.00 41.00 21.00 8.00 4.00 5.00
-8.00 -3.00 33.00 10.00 -40.00 -14.00 -11.00 -8.00
-8.00 -9.00 11.00 -43.00 34.00 -8.00 -10.00 -8.00
-6.00 -11.00 -20.00 -36.00 -21.00 -3.00 -4.00 -3.00
13.00 2.00 2.00 -25.00 -1.00 2.00 -1.00 0.00
2.00 -1.00 -7.00 -9.00 -9.00 -2.00 4.00 -12.00
0.00 -1.00 -1.00 5.00 1.00 1.00 -4.00 -1.00
-1.00 -5.00 -6.00 0.00 -9.00 -10.00 -1.00 3.00
-1.00 -5.00 -4.00 -1.00 -4.00 -2.00 -6.00 -6.00
-1.00 -1.00 1.00 14.00 2.00 1.00 0.00 -11.00
0.00 1.00 -4.00 -11.00 0.00 -4.00 -9.00 -2.00
-3.00 -1.00 -2.00 4.00 0.00 0.00 -8.00 -2.00
-2.00 -4.00 -6.00 -25.00 -5.00 -1.00 -7.00 -1.00
0.00 1.00 3.00 14.00 6.00 4.00 4.00 0.00
-1.00 3.00 2.00 4.00 -4.00 -5.00 -3.00 -3.00
-1.00 0.00 2.00 6.00 3.00 1.00 0.00 0.00
-2.00 -2.00 -1.00 15.00 -2.00 -1.00 -6.00 -3.00
