-1.00 -1.00 -1.00 5.00 2.00 -2.00 -1.00 1.00
0.00 0.00 -3.00 2.00 -4.00 1.00 -3.00 -3.00
0.00 0.00 0.00 -7.00 -1.00 2.00 -1.00 0.00
-1.00 -2.00 -2.00 3.00 -1.00 -2.00 0.00 0.00
-1.00 2.00 1.00 17.00 -3.00 1.00 5.00 7.00
-1.00 -1.00 1.00 -2.00 5.00 1.00 -2.00 -4.00
-3.00 -5.00 -9.00 -111.00 -18.00 -7.00 -7.00 -5.00
-18.00 -3.00 -4.00 -6.00 -4.00 -2.00 0.00 -8.00
-6.00 -7.00 6.00 69.00 31.00 5.00 2.00 6.00
-12.00 2.00 0.00 -115.00 -33.00 -9.00 -2.00 0.00
-8.00 3.00 69.00 -28.00 22.00 -4.00 -4.00 -6.00
-39.00 -21.00 -32.00 127.00 41.00 -7.00 -9.00 -13.00
-2.00 0.00 46.00 28.00 2.00 -13.00 -6.00 -1.00
11.00 2.00 -37.00 17.00 -18.00 -7.00 -1.00 1.00
-6.00 -27.00 -71.00 -128.00 -46.00 -38.00 -14.00 -10.00
24.00 19.00 2.00 -128.00 -81.00 22.00 16.00 14.00
-22.00 -18.00 -50.00 -31.00 -83.00 -17.00 -3.00 -11.00
-8.00 -12.00 -32.00 48.00 52.00 -18.00 -8.00 -13.00
4.00 0.00 -2.00 -39.00 -54.00 1.00 -2.00 1.00
0.00 -2.00 -18.00 12.00 -38.00 3.00 -3.00 -1.00
11.00 2.00 17.00 33.00 0.00 -1.00 -2.00 2.00
10.00 6.00 2.00 16.00 -1.00 7.00 9.00 25.00
1.00 1.00 3.00 0.00 2.00 2.00 -3.00 -9.00
-5.00 2.00 1.00 5.00 -3.00 -9.00 -16.00 -3.00
2.00 1.00 2.00 -13.00 -4.00 -2.00 -15.00 16.00
-2.00 0.00 2.00 4.00 -12.00 -3.00 -16.00 -6.00
1.00 0.00 -7.00 -6.00 2.00 -5.00 -17.00 -3.00
0.00 4.00 1.00 -61.00 0.00 -5.00 -1.00 4.00
-1.00 0.00 1.00 7.00 2.00 1.00 -5.00 4.00
-1.00 -1.00 -2.00 14.00 -1.00 1.00 3.00 -24.00
0.00 2.00 -2.00 2.00 2.00 -3.00 -3.00 3.00
-3.00 0.00 1.00 13.00 -2.00 -6.00 -4.00 -1.00
-1.00 -2.00 -1.00 -15.00 -1.00 0.00 0.00 -3.00
0.00 1.00 -1.00 -2.00 0.00 1.00 9.00 6.00
-2.00 -2.00 0.00 -9.00 -5.00 -4.00 -8.00 -10.00
-2.00 0.00 -1.00 1.00 -2.00 -2.00 -4.00 -5.00
