-1.00 -1.00 -1.00 -5.00 5.00 8.00 4.00 -1.00
-6.00 -5.00 1.00 -8.00 -2.00 2.00 14.00 6.00
4.00 4.00 2.00 10.00 9.00 2.00 -14.00 2.00
3.00 1.00 -2.00 -1.00 -1.00 5.00 45.00 8.00
-3.00 2.00 -1.00 4.00 0.00 -3.00 -7.00 1.00
9.00 2.00 3.00 -2.00 -3.00 -1.00 -6.00 -12.00
-7.00 0.00 0.00 -18.00 -5.00 0.00 -3.00 3.00
-5.00 -2.00 -1.00 18.00 4.00 3.00 -5.00 -20.00
-5.00 -3.00 -5.00 -15.00 -4.00 -3.00 2.00 3.00
-2.00 -3.00 2.00 18.00 8.00 1.00 -7.00 11.00
5.00 5.00 -1.00 -8.00 0.00 4.00 -1.00 -7.00
17.00 14.00 -5.00 -4.00 2.00 3.00 11.00 -6.00
0.00 -3.00 -5.00 15.00 2.00 4.00 -4.00 -23.00
-9.00 4.00 2.00 1.00 11.00 2.00 -14.00 -40.00
-24.00 -4.00 -7.00 -7.00 -7.00 -9.00 -3.00 24.00
-15.00 -11.00 -3.00 -4.00 0.00 -1.00 -6.00 -28.00
60.00 67.00 11.00 0.00 -4.00 -1.00 37.00 -2.00
-22.00 -45.00 -10.00 1.00 2.00 -5.00 -85.00 14.00
-30.00 10.00 9.00 -4.00 -4.00 1.00 34.00 -96.00
19.00 -4.00 9.00 5.00 1.00 7.00 109.00 -92.00
-91.00 -62.00 -7.00 60.00 4.00 20.00 127.00 -28.00
103.00 39.00 13.00 3.00 12.00 -1.00 -93.00 10.00
49.00 -128.00 -9.00 63.00 12.00 0.00 76.00 48.00
-57.00 5.00 18.00 80.00 10.00 -2.00 -36.00 -95.00
-14.00 23.00 13.00 -85.00 -5.00 2.00 31.00 -58.00
-66.00 -17.00 2.00 64.00 3.00 -6.00 -43.00 -39.00
0.00 20.00 6.00 1.00 -5.00 -14.00 -59.00 1.00
87.00 15.00 -10.00 -32.00 -3.00 4.00 59.00 91.00
3.00 -1.00 15.00 48.00 3.00 -2.00 -37.00 81.00
45.00 49.00 -17.00 -71.00 -8.00 -5.00 -23.00 -56.00
37.00 -12.00 -8.00 -34.00 -1.00 5.00 40.00 118.00
31.00 15.00 -20.00 23.00 9.00 1.00 -12.00 75.00
42.00 37.00 14.00 28.00 3.00 -9.00 -44.00 9.00
7.00 33.00 14.00 -19.00 4.00 5.00 75.00 -3.00
53.00 -26.00 -25.00 -7.00 -1.00 1.00 3.00 46.00
-17.00 1.00 0.00 17.00 2.00 -12.00 -50.00 65.00
81.00 11.00 3.00 -26.00 3.00 -7.00 -112.00 74.00
37.00 9.00 58.00 16.00 17.00 5.00 -26.00 -82.00
31.00 -28.00 -13.00 4.00 -12.00 -16.00 -92.00 61.00
54.00 -24.00 -21.00 -42.00 -2.00 10.00 48.00 67.00
-11.00 21.00 -10.00 -10.00 -8.00 -3.00 -24.00 50.00
39.00 -21.00 5.00 16.00 -2.00 5.00 -6.00 32.00
-5.00 13.00 5.00 -37.00 10.00 -1.00 -57.00 -79.00
12.00 -4.00 -2.00 37.00 -7.00 -6.00 0.00 29.00
-11.00 17.00 -15.00 -75.00 -6.00 -13.00 -57.00 29.00
-14.00 -1.00 -11.00 9.00 15.00 -1.00 9.00 -38.00
5.00 -3.00 15.00 31.00 -11.00 3.00 18.00 -2.00
4.00 -7.00 4.00 104.00 -10.00 -9.00 -13.00 -17.00
6.00 2.00 19.00 81.00 -8.00 8.00 6.00 3.00
-2.00 -1.00 -13.00 -128.00 3.00 -3.00 3.00 -2.00
-4.00 2.00 5.00 74.00 -36.00 -11.00 -5.00 0.00
4.00 -2.00 3.00 -23.00 -2.00 2.00 -1.00 5.00
-1.00 1.00 13.00 68.00 -24.00 -11.00 -6.00 -13.00
-2.00 0.00 -1.00 9.00 18.00 5.00 -5.00 4.00
-2.00 -2.00 -5.00 -74.00 -20.00 -3.00 9.00 2.00
-7.00 -1.00 3.00 2.00 0.00 -2.00 3.00 -10.00
4.00 0.00 1.00 -26.00 -4.00 1.00 14.00 8.00
1.00 4.00 5.00 -14.00 3.00 -2.00 -16.00 3.00
6.00 -1.00 -4.00 -9.00 0.00 2.00 6.00 -3.00
3.00 2.00 4.00 -8.00 -3.00 -2.00 -1.00 -3.00
4.00 2.00 -2.00 1.00 2.00 1.00 -2.00 0.00
0.00 0.00 2.00 35.00 14.00 -6.00 7.00 16.00
-11.00 -3.00 1.00 6.00 -9.00 0.00 23.00 -5.00
-1.00 -3.00 -5.00 -7.00 -5.00 0.00 -11.00 2.00
-2.00 -2.00 -2.00 0.00 -10.00 -1.00 -1.00 -4.00
2.00 -4.00 -6.00 -12.00 -4.00 4.00 9.00 -4.00
2.00 2.00 -1.00 6.00 -5.00 -3.00 1.00 22.00
-2.00 -3.00 -2.00 -9.00 -6.00 0.00 0.00 -7.00
1.00 2.00 -2.00 2.00 1.00 0.00 -6.00 -3.00
-2.00 -1.00 2.00 -17.00 -4.00 -7.00 -18.00 -12.00
0.00 -2.00 -4.00 -1.00 -3.00 0.00 -4.00 6.00
