0.00 -4.00 -2.00 4.00 3.00 0.00 -1.00 4.00
1.00 2.00 -3.00 -8.00 -2.00 2.00 0.00 1.00
0.00 0.00 -1.00 16.00 -5.00 -4.00 -4.00 0.00
0.00 0.00 1.00 -17.00 2.00 1.00 3.00 -1.00
-2.00 -3.00 0.00 7.00 -3.00 -1.00 0.00 -3.00
-1.00 0.00 2.00 -22.00 3.00 1.00 0.00 -2.00
0.00 0.00 4.00 -38.00 -12.00 4.00 2.00 3.00
-3.00 0.00 -9.00 -62.00 44.00 2.00 4.00 1.00
-12.00 2.00 -13.00 11.00 -5.00 19.00 23.00 9.00
-19.00 -32.00 -67.00 -61.00 -17.00 -22.00 -23.00 -13.00
52.00 87.00 127.00 97.00 49.00 88.00 54.00 44.00
-20.00 -26.00 -15.00 69.00 -19.00 -67.00 -36.00 -21.00
-9.00 -22.00 -39.00 11.00 45.00 -30.00 -23.00 -11.00
-6.00 -16.00 -103.00 -29.00 -107.00 -16.00 -14.00 -7.00
-27.00 -30.00 -36.00 -33.00 93.00 -40.00 -32.00 -19.00
11.00 0.00 -10.00 -46.00 -40.00 -3.00 3.00 7.00
-1.00 0.00 -45.00 -37.00 34.00 6.00 0.00 -4.00
-4.00 3.00 -14.00 -48.00 -91.00 24.00 10.00 3.00
6.00 16.00 54.00 -71.00 35.00 22.00 18.00 8.00
-4.00 -3.00 19.00 59.00 36.00 -19.00 -7.00 -6.00
-8.00 -11.00 6.00 -3.00 -6.00 -17.00 -14.00 -14.00
-5.00 -5.00 -14.00 -20.00 -23.00 -8.00 -4.00 -2.00
4.00 5.00 6.00 8.00 13.00 9.00 0.00 5.00
-26.00 0.00 -4.00 36.00 6.00 -8.00 -41.00 -11.00
-29.00 -10.00 -9.00 8.00 1.00 -2.00 -27.00 -27.00
-6.00 -3.00 -3.00 -7.00 -9.00 -3.00 11.00 -13.00
7.00 -1.00 7.00 26.00 10.00 7.00 9.00 -11.00
-2.00 0.00 -5.00 -12.00 25.00 -8.00 -2.00 1.00
-4.00 -1.00 1.00 10.00 -4.00 2.00 -4.00 -7.00
-2.00 -1.00 1.00 2.00 -15.00 -1.00 0.00 -4.00
0.00 -1.00 -3.00 -6.00 -6.00 -1.00 16.00 9.00
-1.00 0.00 -1.00 0.00 -2.00 -1.00 -3.00 -6.00
-2.00 0.00 -2.00 1.00 8.00 2.00 -1.00 0.00
0.00 0.00 1.00 -14.00 -1.00 2.00 -1.00 -7.00
2.00 1.00 -2.00 -4.00 -2.00 2.00 0.00 1.00
-2.00 -3.00 -3.00 18.00 -15.00 -7.00 -6.00 -4.00
-2.00 -2.00 1.00 4.00 3.00 3.00 -6.00 -1.00
0.00 -1.00 -3.00 -11.00 5.00 3.00 5.00 5.00
-1.00 -1.00 1.00 -3.00 4.00 2.00 -1.00 -3.00
0.00 -1.00 -1.00 -5.00 -1.00 -2.00 1.00 3.00
1.00 0.00 8.00 0.00 -5.00 2.00 0.00 2.00
