-1.00 0.00 0.00 -6.00 1.00 0.00 0.00 -3.00
-2.00 1.00 0.00 7.00 -1.00 0.00 0.00 0.00
-1.00 0.00 -2.00 -6.00 -3.00 -4.00 -1.00 1.00
0.00 -1.00 0.00 2.00 -9.00 -1.00 -1.00 -1.00
-1.00 -2.00 -2.00 -4.00 4.00 -1.00 -1.00 5.00
1.00 -1.00 1.00 -3.00 3.00 4.00 4.00 0.00
-1.00 0.00 -2.00 2.00 -2.00 0.00 0.00 -4.00
-3.00 0.00 0.00 5.00 5.00 0.00 1.00 11.00
1.00 1.00 -1.00 -11.00 -31.00 -3.00 -2.00 0.00
0.00 -2.00 -8.00 5.00 21.00 2.00 -7.00 -11.00
-1.00 1.00 3.00 0.00 11.00 1.00 1.00 2.00
-2.00 -1.00 -1.00 3.00 -1.00 -1.00 -1.00 0.00
1.00 -1.00 2.00 -1.00 11.00 -4.00 -5.00 0.00
-2.00 -1.00 -4.00 -5.00 4.00 1.00 -4.00 -1.00
2.00 2.00 3.00 -1.00 -8.00 0.00 1.00 -2.00
-1.00 0.00 -3.00 -51.00 -2.00 2.00 3.00 6.00
7.00 -4.00 -3.00 -39.00 5.00 -8.00 -4.00 -5.00
-3.00 -3.00 9.00 36.00 -7.00 -6.00 -3.00 -5.00
-3.00 0.00 -9.00 67.00 67.00 -10.00 -6.00 -3.00
-15.00 -16.00 -53.00 -128.00 -68.00 -6.00 -2.00 -3.00
12.00 22.00 1.00 52.00 60.00 48.00 18.00 13.00
-37.00 -35.00 -15.00 -58.00 -56.00 18.00 -4.00 -12.00
5.00 -7.00 -24.00 46.00 -128.00 -14.00 9.00 4.00
11.00 -11.00 13.00 -13.00 63.00 -26.00 -9.00 -10.00
2.00 11.00 53.00 55.00 17.00 4.00 -2.00 2.00
-8.00 -13.00 -21.00 -76.00 -43.00 2.00 -16.00 -14.00
9.00 32.00 101.00 91.00 72.00 -17.00 -3.00 4.00
-2.00 -6.00 -45.00 -41.00 -73.00 8.00 8.00 4.00
-4.00 -6.00 -29.00 83.00 62.00 22.00 4.00 4.00
7.00 18.00 -43.00 -69.00 -23.00 -19.00 9.00 6.00
-5.00 -1.00 32.00 -25.00 -66.00 -7.00 -4.00 -4.00
-1.00 5.00 31.00 -36.00 -13.00 -8.00 -4.00 2.00
22.00 -9.00 5.00 -84.00 -10.00 -12.00 3.00 -12.00
16.00 6.00 12.00 41.00 5.00 5.00 -18.00 13.00
-15.00 1.00 7.00 -1.00 1.00 4.00 4.00 -20.00
3.00 0.00 -10.00 -5.00 1.00 -3.00 8.00 39.00
-12.00 -2.00 -3.00 11.00 -1.00 -2.00 -14.00 -11.00
4.00 0.00 6.00 -4.00 -4.00 3.00 2.00 2.00
-4.00 -2.00 -3.00 -9.00 -6.00 -2.00 -9.00 -2.00
1.00 2.00 1.00 6.00 0.00 -2.00 -5.00 -9.00
-2.00 -2.00 3.00 3.00 0.00 -2.00 2.00 -9.00
3.00 5.00 -1.00 -21.00 8.00 4.00 3.00 6.00
-3.00 -2.00 -1.00 -2.00 -8.00 0.00 19.00 -1.00
-5.00 1.00 -3.00 -4.00 5.00 2.00 -2.00 -2.00
-2.00 -8.00 -10.00 -3.00 -5.00 -3.00 -7.00 -4.00
3.00 0.00 4.00 10.00 -6.00 1.00 4.00 9.00
-1.00 -1.00 -2.00 -2.00 2.00 -1.00 -1.00 -1.00
0.00 -1.00 2.00 0.00 0.00 -2.00 -3.00 -5.00
0.00 -1.00 -1.00 3.00 0.00 1.00 -1.00 -1.00
-3.00 0.00 2.00 25.00 1.00 -3.00 -1.00 -3.00
0.00 -1.00 0.00 -4.00 -6.00 0.00 0.00 3.00
-1.00 -2.00 -5.00 -4.00 0.00 1.00 0.00 -2.00
-3.00 -2.00 -2.00 9.00 0.00 -3.00 -1.00 0.00
-1.00 1.00 0.00 -4.00 -6.00 -4.00 -4.00 -3.00
0.00 -1.00 1.00 -5.00 6.00 1.00 -1.00 2.00
0.00 -1.00 -2.00 7.00 9.00 -1.00 -1.00 -2.00
