0.00 0.00 -3.00 1.00 6.00 0.00 0.00 -1.00
1.00 0.00 -3.00 1.00 -8.00 -3.00 -2.00 0.00
-1.00 0.00 -1.00 -6.00 1.00 -1.00 0.00 -1.00
-1.00 -1.00 -3.00 -4.00 2.00 -1.00 -1.00 -1.00
-2.00 -2.00 -1.00 40.00 19.00 2.00 -3.00 -2.00
0.00 -2.00 -3.00 -23.00 2.00 1.00 1.00 0.00
-3.00 6.00 10.00 -42.00 7.00 9.00 4.00 4.00
-8.00 -12.00 -15.00 41.00 -41.00 -21.00 -11.00 -7.00
-11.00 13.00 37.00 104.00 3.00 2.00 7.00 1.00
0.00 2.00 7.00 0.00 10.00 -10.00 -2.00 -1.00
-7.00 -12.00 -19.00 -99.00 10.00 -27.00 -15.00 -11.00
-7.00 -6.00 -32.00 13.00 -68.00 -22.00 -7.00 -1.00
1.00 4.00 10.00 67.00 15.00 11.00 3.00 4.00
2.00 3.00 8.00 39.00 0.00 14.00 4.00 3.00
-2.00 0.00 4.00 -2.00 16.00 8.00 4.00 2.00
0.00 -2.00 -5.00 13.00 16.00 -5.00 -2.00 -2.00
-5.00 -4.00 -3.00 -54.00 -34.00 -12.00 -5.00 -4.00
1.00 2.00 -2.00 30.00 18.00 5.00 1.00 1.00
-2.00 -2.00 -1.00 -4.00 13.00 -5.00 -5.00 -1.00
0.00 -1.00 -2.00 -6.00 1.00 1.00 1.00 -2.00
-2.00 1.00 2.00 23.00 10.00 0.00 -3.00 -1.00
3.00 -1.00 -6.00 3.00 -1.00 1.00 0.00 -1.00
1.00 2.00 -3.00 -22.00 -14.00 -2.00 2.00 1.00
-1.00 0.00 3.00 -9.00 -7.00 0.00 1.00 1.00
-1.00 -2.00 1.00 37.00 3.00 -4.00 -4.00 -2.00
-2.00 -1.00 -1.00 0.00 -6.00 -4.00 -4.00 -1.00
-1.00 -1.00 0.00 -16.00 -9.00 -1.00 -1.00 -1.00
0.00 -1.00 -3.00 7.00 -2.00 0.00 -1.00 -3.00
-2.00 -2.00 -3.00 5.00 -5.00 3.00 2.00 1.00
0.00 -1.00 -3.00 -24.00 -3.00 -1.00 -3.00 1.00
5.00 3.00 3.00 9.00 0.00 -1.00 -1.00 -1.00
-2.00 0.00 1.00 2.00 3.00 -1.00 0.00 1.00
-3.00 0.00 1.00 4.00 -1.00 -2.00 -2.00 -2.00
-1.00 -2.00 3.00 4.00 -13.00 -6.00 -3.00 -3.00
-2.00 -1.00 0.00 -4.00 -3.00 0.00 -2.00 -2.00
-1.00 1.00 -3.00 -6.00 1.00 1.00 2.00 -1.00
-4.00 -4.00 -1.00 79.00 0.00 -6.00 -5.00 -1.00
0.00 0.00 -2.00 -5.00 -5.00 -2.00 -3.00 -1.00
1.00 -1.00 -3.00 -13.00 -3.00 1.00 -1.00 -1.00
0.00 0.00 2.00 -9.00 2.00 -1.00 -3.00 -2.00
-3.00 -2.00 -2.00 1.00 -13.00 -2.00 1.00 0.00
-1.00 -1.00 -5.00 -20.00 -32.00 1.00 -3.00 -1.00
0.00 1.00 -1.00 -3.00 -3.00 -1.00 2.00 -1.00
0.00 -1.00 2.00 28.00 13.00 -3.00 -2.00 -2.00
-1.00 -2.00 -4.00 -4.00 -3.00 1.00 -1.00 0.00
-1.00 -2.00 3.00 2.00 -5.00 -4.00 -2.00 -2.00
1.00 1.00 0.00 8.00 0.00 5.00 3.00 1.00
-1.00 1.00 2.00 0.00 2.00 -2.00 -3.00 -2.00
0.00 -2.00 -1.00 3.00 -2.00 2.00 1.00 1.00
-1.00 -2.00 -2.00 -4.00 -7.00 -3.00 -1.00 0.00
-1.00 -1.00 -1.00 0.00 6.00 -1.00 -3.00 -4.00
