1.00 -1.00 -1.00 -5.00 0.00 -1.00 0.00 -1.00
-3.00 -1.00 -4.00 -5.00 -7.00 -3.00 -2.00 -1.00
-1.00 -2.00 0.00 1.00 -2.00 0.00 2.00 1.00
0.00 -2.00 -1.00 27.00 -3.00 0.00 -1.00 1.00
-1.00 -1.00 0.00 -9.00 -2.00 -3.00 1.00 -1.00
-1.00 -2.00 -4.00 0.00 3.00 -1.00 -2.00 -2.00
2.00 0.00 1.00 11.00 4.00 -1.00 -1.00 -3.00
-2.00 1.00 1.00 8.00 -4.00 -1.00 1.00 1.00
-1.00 -3.00 -2.00 3.00 0.00 -3.00 -3.00 -1.00
0.00 -1.00 0.00 2.00 -6.00 1.00 1.00 1.00
-2.00 0.00 -2.00 -18.00 -7.00 -2.00 0.00 -1.00
0.00 -1.00 -3.00 -10.00 -2.00 1.00 -1.00 0.00
-1.00 1.00 0.00 -15.00 -5.00 1.00 1.00 3.00
-1.00 -3.00 -1.00 17.00 -1.00 -4.00 -1.00 -1.00
2.00 0.00 3.00 10.00 9.00 1.00 0.00 1.00
-1.00 0.00 -4.00 -15.00 4.00 4.00 0.00 0.00
-1.00 -2.00 -1.00 -23.00 -9.00 -3.00 1.00 -2.00
0.00 -1.00 3.00 32.00 -5.00 -4.00 -1.00 -2.00
-3.00 -1.00 9.00 100.00 11.00 -2.00 -3.00 -5.00
12.00 5.00 -1.00 -42.00 10.00 15.00 10.00 6.00
13.00 4.00 8.00 -76.00 -26.00 11.00 10.00 14.00
-14.00 -14.00 -37.00 -91.00 -25.00 -33.00 -16.00 -13.00
6.00 12.00 5.00 105.00 -33.00 32.00 14.00 10.00
3.00 0.00 14.00 -4.00 18.00 2.00 -1.00 0.00
0.00 2.00 -3.00 -9.00 33.00 4.00 1.00 0.00
4.00 4.00 10.00 -3.00 4.00 5.00 4.00 5.00
1.00 1.00 3.00 -16.00 -15.00 -1.00 -1.00 0.00
-3.00 -1.00 0.00 10.00 0.00 -2.00 3.00 -11.00
-2.00 -3.00 4.00 -28.00 -1.00 -1.00 -5.00 -1.00
1.00 0.00 -2.00 -5.00 -3.00 3.00 -1.00 1.00
-1.00 -1.00 -5.00 -7.00 -3.00 -1.00 -3.00 2.00
-11.00 -14.00 -3.00 -10.00 -27.00 -5.00 -1.00 -3.00
0.00 0.00 2.00 0.00 -1.00 -4.00 -2.00 -2.00
1.00 3.00 -3.00 -4.00 3.00 4.00 3.00 2.00
-3.00 -1.00 -1.00 0.00 1.00 -1.00 -1.00 -1.00
0.00 -1.00 0.00 6.00 4.00 1.00 0.00 -1.00
-2.00 -2.00 -3.00 -20.00 5.00 -3.00 -3.00 -3.00
-1.00 0.00 -1.00 -4.00 4.00 1.00 0.00 -2.00
-2.00 0.00 0.00 -3.00 5.00 0.00 1.00 1.00
-1.00 -2.00 -1.00 11.00 -5.00 -1.00 -6.00 0.00
0.00 -2.00 -5.00 -7.00 -4.00 -2.00 1.00 5.00
