1.00 0.00 2.00 15.00 0.00 1.00 -1.00 9.00
-1.00 0.00 0.00 8.00 -3.00 -1.00 5.00 3.00
-2.00 -2.00 -3.00 -8.00 -2.00 0.00 -5.00 -6.00
-1.00 -1.00 -1.00 -1.00 0.00 -2.00 -1.00 1.00
-3.00 -2.00 -4.00 -3.00 3.00 -3.00 -5.00 0.00
0.00 -1.00 -5.00 -5.00 -4.00 -1.00 -3.00 -5.00
-4.00 0.00 1.00 9.00 2.00 -3.00 -12.00 -9.00
0.00 -1.00 -4.00 4.00 1.00 -3.00 -6.00 -2.00
0.00 -1.00 -2.00 -6.00 3.00 5.00 27.00 14.00
1.00 -1.00 4.00 5.00 3.00 8.00 14.00 1.00
-1.00 0.00 2.00 10.00 1.00 -1.00 -11.00 -6.00
-1.00 1.00 4.00 12.00 -1.00 -7.00 -16.00 -4.00
-12.00 -6.00 0.00 -11.00 -12.00 -2.00 1.00 1.00
3.00 0.00 -6.00 -13.00 2.00 1.00 2.00 -1.00
7.00 -1.00 -2.00 0.00 2.00 6.00 -2.00 13.00
-16.00 -8.00 -1.00 6.00 4.00 1.00 -10.00 -4.00
13.00 4.00 -3.00 1.00 -4.00 -5.00 -21.00 2.00
-27.00 16.00 -1.00 -3.00 2.00 5.00 -13.00 -9.00
-27.00 -24.00 3.00 -19.00 -1.00 -5.00 5.00 31.00
5.00 -37.00 -5.00 3.00 2.00 5.00 40.00 62.00
86.00 68.00 21.00 28.00 8.00 -1.00 -39.00 -43.00
70.00 29.00 5.00 -4.00 -8.00 -34.00 -128.00 7.00
-93.00 -93.00 -59.00 -27.00 -18.00 -20.00 -70.00 12.00
102.00 -5.00 -47.00 37.00 6.00 22.00 127.00 -84.00
-9.00 -27.00 21.00 4.00 15.00 -13.00 -75.00 -34.00
20.00 1.00 3.00 59.00 17.00 -3.00 -69.00 -58.00
22.00 86.00 23.00 -20.00 -7.00 26.00 127.00 -24.00
0.00 -1.00 -11.00 37.00 12.00 -11.00 -61.00 103.00
-44.00 -57.00 14.00 9.00 12.00 9.00 88.00 55.00
98.00 36.00 13.00 -9.00 10.00 7.00 -22.00 37.00
5.00 27.00 4.00 10.00 -12.00 -7.00 -88.00 -81.00
-64.00 6.00 -7.00 21.00 8.00 1.00 63.00 -21.00
50.00 -35.00 -10.00 -48.00 0.00 -3.00 -31.00 64.00
-54.00 3.00 -3.00 -25.00 14.00 30.00 117.00 -71.00
-73.00 6.00 -27.00 -64.00 -3.00 12.00 99.00 -128.00
49.00 -21.00 -19.00 -18.00 -5.00 8.00 45.00 -38.00
-35.00 -5.00 19.00 -25.00 15.00 -2.00 -23.00 57.00
-34.00 -62.00 -5.00 -70.00 -16.00 -9.00 -27.00 69.00
-76.00 -31.00 11.00 -27.00 -5.00 -2.00 -1.00 54.00
7.00 6.00 17.00 7.00 19.00 10.00 9.00 30.00
-40.00 3.00 19.00 -55.00 0.00 -4.00 -6.00 -56.00
-8.00 1.00 -7.00 5.00 7.00 5.00 15.00 -19.00
2.00 13.00 7.00 -28.00 -14.00 3.00 11.00 11.00
0.00 3.00 4.00 122.00 36.00 12.00 3.00 -3.00
5.00 7.00 8.00 127.00 20.00 11.00 2.00 14.00
-2.00 0.00 5.00 -73.00 -31.00 2.00 -4.00 -5.00
-13.00 -5.00 -4.00 6.00 8.00 -1.00 10.00 3.00
-1.00 0.00 -2.00 -30.00 11.00 0.00 -2.00 6.00
0.00 -2.00 2.00 29.00 -2.00 2.00 2.00 -4.00
0.00 2.00 1.00 -26.00 5.00 5.00 3.00 13.00
-2.00 -2.00 -5.00 -9.00 -4.00 1.00 -1.00 -7.00
2.00 0.00 -7.00 -28.00 0.00 1.00 0.00 -5.00
-2.00 -1.00 -2.00 10.00 6.00 -1.00 4.00 8.00
-2.00 1.00 0.00 1.00 3.00 -3.00 -5.00 5.00
-1.00 -1.00 1.00 9.00 6.00 4.00 11.00 4.00
1.00 -3.00 -4.00 -8.00 5.00 8.00 8.00 4.00
-1.00 1.00 2.00 5.00 -1.00 2.00 3.00 3.00
1.00 -1.00 -1.00 9.00 11.00 -3.00 -5.00 6.00
-1.00 -1.00 4.00 18.00 -11.00 -5.00 -5.00 -1.00
0.00 0.00 -1.00 -2.00 8.00 4.00 5.00 7.00
1.00 -1.00 -2.00 -4.00 7.00 4.00 7.00 4.00
