0.00 -1.00 -1.00 -11.00 -2.00 4.00 5.00 0.00
-1.00 -2.00 -2.00 5.00 -2.00 -3.00 -4.00 -2.00
1.00 -1.00 -4.00 -3.00 0.00 -2.00 0.00 10.00
0.00 -1.00 -2.00 1.00 -5.00 -2.00 3.00 -10.00
0.00 -1.00 -3.00 -16.00 -3.00 -5.00 -1.00 1.00
-1.00 1.00 -1.00 -18.00 0.00 2.00 -9.00 -22.00
-2.00 0.00 0.00 16.00 -1.00 -2.00 4.00 4.00
-1.00 -1.00 -1.00 4.00 7.00 2.00 0.00 -8.00
1.00 0.00 1.00 -4.00 0.00 1.00 -3.00 8.00
1.00 11.00 2.00 6.00 5.00 1.00 -19.00 -54.00
-16.00 -28.00 -6.00 4.00 1.00 -2.00 -19.00 -4.00
-4.00 21.00 21.00 3.00 0.00 -5.00 -56.00 9.00
119.00 27.00 -3.00 -16.00 -13.00 -13.00 -106.00 -46.00
-96.00 -13.00 -10.00 -9.00 -8.00 1.00 69.00 12.00
-128.00 -16.00 4.00 15.00 -4.00 -9.00 21.00 -3.00
99.00 -26.00 -46.00 -27.00 -20.00 -18.00 -80.00 30.00
89.00 -30.00 -4.00 7.00 2.00 -5.00 -37.00 -43.00
-27.00 -15.00 -18.00 -8.00 -7.00 -9.00 -45.00 25.00
-12.00 8.00 13.00 16.00 -4.00 3.00 20.00 -13.00
-8.00 -4.00 0.00 26.00 -74.00 2.00 0.00 -12.00
0.00 7.00 4.00 -25.00 35.00 -6.00 4.00 -1.00
-4.00 0.00 3.00 -5.00 -23.00 -10.00 -13.00 -7.00
-3.00 2.00 11.00 95.00 6.00 2.00 5.00 -7.00
-3.00 -6.00 0.00 18.00 2.00 -4.00 -6.00 -17.00
1.00 0.00 1.00 -26.00 3.00 3.00 -5.00 0.00
-1.00 -1.00 4.00 0.00 -4.00 -3.00 -2.00 1.00
-3.00 1.00 -2.00 -20.00 -2.00 0.00 0.00 2.00
1.00 2.00 5.00 -7.00 0.00 0.00 -3.00 4.00
-2.00 2.00 1.00 -8.00 -1.00 -1.00 7.00 13.00
1.00 -2.00 0.00 19.00 6.00 -2.00 -2.00 2.00
2.00 0.00 0.00 -1.00 -7.00 1.00 -2.00 7.00
-8.00 1.00 1.00 -17.00 -3.00 -4.00 -7.00 -5.00
0.00 2.00 5.00 6.00 5.00 1.00 -1.00 -9.00
1.00 -3.00 -4.00 3.00 0.00 -1.00 2.00 4.00
-3.00 -3.00 -7.00 7.00 0.00 -5.00 -12.00 -9.00
3.00 0.00 2.00 -7.00 -1.00 5.00 13.00 14.00
