0.00 -1.00 0.00 0.00 -9.00 -1.00 -3.00 -2.00
-1.00 0.00 3.00 -4.00 -1.00 4.00 7.00 -3.00
-2.00 -2.00 1.00 4.00 -1.00 -2.00 0.00 5.00
-2.00 -1.00 6.00 9.00 -2.00 -1.00 1.00 -2.00
-2.00 -2.00 -3.00 -4.00 2.00 -5.00 -4.00 1.00
-1.00 0.00 -2.00 15.00 14.00 -3.00 0.00 3.00
0.00 0.00 -1.00 -11.00 3.00 2.00 4.00 15.00
1.00 0.00 -3.00 -10.00 0.00 2.00 0.00 -2.00
-1.00 1.00 1.00 9.00 5.00 -1.00 1.00 3.00
-3.00 -4.00 -15.00 -79.00 2.00 -2.00 -3.00 1.00
3.00 5.00 6.00 36.00 6.00 15.00 5.00 5.00
7.00 3.00 -8.00 26.00 -20.00 -7.00 -8.00 -1.00
9.00 -18.00 8.00 100.00 -70.00 -42.00 -22.00 -14.00
17.00 28.00 62.00 -2.00 -14.00 39.00 23.00 14.00
31.00 0.00 23.00 56.00 -59.00 -12.00 -11.00 -1.00
-35.00 -38.00 -95.00 62.00 -106.00 -67.00 -31.00 -24.00
8.00 10.00 69.00 12.00 -93.00 -40.00 -9.00 0.00
-18.00 -16.00 -26.00 -100.00 49.00 1.00 -7.00 -2.00
-10.00 9.00 127.00 55.00 -38.00 29.00 16.00 -3.00
-2.00 11.00 -9.00 -104.00 -52.00 -4.00 2.00 6.00
2.00 -3.00 -3.00 44.00 33.00 9.00 2.00 -5.00
1.00 -12.00 -48.00 -79.00 9.00 -12.00 -11.00 -5.00
-14.00 -23.00 51.00 3.00 -90.00 -21.00 -13.00 -9.00
-12.00 -9.00 11.00 95.00 -29.00 -12.00 -15.00 -14.00
-1.00 -14.00 -36.00 58.00 10.00 -11.00 -4.00 -3.00
-9.00 -17.00 -23.00 83.00 -10.00 3.00 7.00 1.00
7.00 12.00 4.00 -23.00 -15.00 9.00 14.00 8.00
23.00 0.00 8.00 -43.00 6.00 0.00 1.00 0.00
-6.00 -1.00 -24.00 -69.00 -18.00 0.00 -6.00 -2.00
-4.00 1.00 -1.00 -12.00 1.00 3.00 -6.00 1.00
7.00 7.00 -2.00 10.00 3.00 -4.00 -13.00 4.00
-3.00 -2.00 -3.00 -8.00 -3.00 -1.00 -2.00 -13.00
-1.00 -3.00 -2.00 -14.00 -1.00 -1.00 4.00 1.00
2.00 -1.00 2.00 14.00 -1.00 -2.00 0.00 -1.00
-3.00 -1.00 -2.00 -8.00 -11.00 -3.00 3.00 -7.00
1.00 0.00 -2.00 -8.00 0.00 0.00 -6.00 -2.00
-1.00 -1.00 1.00 -3.00 -1.00 -2.00 1.00 -2.00
-1.00 -1.00 -2.00 1.00 0.00 -1.00 -2.00 -2.00
1.00 0.00 -1.00 2.00 1.00 2.00 1.00 -3.00
-1.00 -2.00 -1.00 -1.00 -2.00 -1.00 -1.00 -3.00
-1.00 -1.00 0.00 14.00 1.00 3.00 0.00 10.00
