1.00 -3.00 -1.00 0.00 0.00 3.00 13.00 15.00
-2.00 0.00 1.00 -23.00 -7.00 -7.00 2.00 10.00
-1.00 -1.00 5.00 32.00 -1.00 -8.00 -1.00 -4.00
-3.00 -2.00 -3.00 -18.00 7.00 2.00 -4.00 0.00
1.00 -2.00 -5.00 -2.00 3.00 0.00 1.00 -4.00
0.00 0.00 5.00 -12.00 -5.00 6.00 0.00 1.00
0.00 -1.00 -3.00 -13.00 -3.00 -3.00 -1.00 -5.00
-2.00 0.00 1.00 -8.00 0.00 -5.00 -2.00 1.00
-1.00 0.00 0.00 -17.00 -2.00 -1.00 6.00 -1.00
-3.00 -4.00 -10.00 -37.00 -25.00 -14.00 -8.00 -3.00
4.00 3.00 1.00 -4.00 10.00 2.00 2.00 2.00
-1.00 -2.00 -5.00 -50.00 13.00 2.00 -2.00 0.00
-7.00 -9.00 -3.00 121.00 22.00 -4.00 4.00 -3.00
-5.00 -1.00 26.00 69.00 3.00 -14.00 -6.00 -5.00
-15.00 -18.00 -70.00 28.00 18.00 -9.00 1.00 -3.00
-28.00 -32.00 -99.00 -9.00 -39.00 -45.00 -37.00 -31.00
-10.00 -9.00 -20.00 -23.00 -23.00 -25.00 -34.00 -14.00
5.00 9.00 -28.00 -74.00 -92.00 -15.00 10.00 7.00
-29.00 -23.00 38.00 -38.00 -47.00 -71.00 -6.00 -22.00
8.00 1.00 -49.00 7.00 68.00 11.00 -13.00 4.00
1.00 -11.00 -10.00 105.00 52.00 64.00 66.00 21.00
-6.00 -9.00 11.00 -3.00 15.00 28.00 18.00 1.00
2.00 -9.00 -13.00 127.00 127.00 53.00 -49.00 0.00
2.00 0.00 3.00 -81.00 -58.00 -28.00 -30.00 -2.00
-22.00 -32.00 -73.00 -83.00 -72.00 19.00 -23.00 -9.00
4.00 7.00 8.00 103.00 127.00 -37.00 6.00 -2.00
5.00 9.00 33.00 -59.00 33.00 48.00 -3.00 5.00
2.00 -2.00 -14.00 54.00 12.00 17.00 -26.00 4.00
-9.00 -14.00 -35.00 26.00 38.00 -32.00 -36.00 -11.00
13.00 22.00 51.00 -52.00 -6.00 34.00 34.00 22.00
7.00 19.00 112.00 -13.00 45.00 26.00 -6.00 4.00
