0.00 1.00 1.00 1.00 2.00 -1.00 -1.00 0.00
-1.00 -2.00 -6.00 -16.00 -3.00 -1.00 0.00 0.00
0.00 2.00 6.00 9.00 -1.00 1.00 0.00 -1.00
1.00 1.00 0.00 -3.00 3.00 2.00 0.00 0.00
0.00 0.00 4.00 8.00 -5.00 -1.00 -1.00 1.00
0.00 0.00 -4.00 3.00 0.00 1.00 -1.00 -1.00
-32.00 -15.00 -1.00 -2.00 1.00 -2.00 -3.00 0.00
-3.00 -2.00 -2.00 -1.00 -3.00 -1.00 0.00 58.00
31.00 4.00 -4.00 -3.00 -2.00 -2.00 -17.00 -14.00
57.00 2.00 0.00 -1.00 0.00 -1.00 26.00 -15.00
-91.00 -20.00 -1.00 -1.00 -2.00 8.00 25.00 -27.00
4.00 6.00 -3.00 0.00 2.00 -3.00 3.00 113.00
127.00 32.00 2.00 -10.00 -4.00 -22.00 -100.00 56.00
-28.00 -49.00 -23.00 -7.00 -11.00 -2.00 -5.00 -8.00
44.00 -30.00 1.00 6.00 -4.00 -4.00 -5.00 -28.00
72.00 37.00 21.00 8.00 8.00 5.00 -19.00 92.00
44.00 18.00 -11.00 -5.00 0.00 3.00 14.00 -7.00
-7.00 24.00 -24.00 -5.00 3.00 25.00 127.00 52.00
-22.00 -34.00 -7.00 1.00 5.00 10.00 35.00 -71.00
9.00 -44.00 -9.00 -3.00 -8.00 -7.00 -10.00 104.00
-96.00 -42.00 -21.00 -11.00 -11.00 -7.00 -8.00 88.00
39.00 23.00 3.00 4.00 7.00 12.00 80.00 -111.00
19.00 -14.00 -8.00 -8.00 -5.00 1.00 68.00 8.00
12.00 -9.00 -3.00 -5.00 -11.00 -4.00 2.00 8.00
-10.00 3.00 -1.00 0.00 5.00 6.00 8.00 -2.00
-2.00 1.00 -1.00 -1.00 -15.00 -3.00 4.00 -2.00
-5.00 -1.00 -10.00 -7.00 6.00 3.00 -2.00 -4.00
-2.00 -4.00 -8.00 -7.00 -6.00 0.00 0.00 -1.00
-5.00 -5.00 -5.00 -6.00 -23.00 -8.00 -4.00 -5.00
0.00 -2.00 2.00 44.00 16.00 1.00 1.00 -2.00
-2.00 0.00 4.00 43.00 7.00 2.00 -2.00 -5.00
-1.00 1.00 6.00 11.00 3.00 0.00 0.00 -2.00
-11.00 -3.00 -1.00 -5.00 -5.00 -4.00 8.00 8.00
3.00 1.00 3.00 7.00 3.00 1.00 -6.00 -5.00
1.00 -1.00 -2.00 -8.00 -8.00 -4.00 0.00 1.00
-1.00 -1.00 2.00 8.00 -3.00 -3.00 0.00 0.00
