-1.00 -2.00 2.00 1.00 -3.00 -2.00 6.00 -2.00
0.00 -1.00 0.00 8.00 1.00 5.00 -5.00 -4.00
-2.00 -2.00 -5.00 0.00 -5.00 -5.00 -6.00 8.00
-1.00 -2.00 -4.00 -25.00 -5.00 0.00 -1.00 -2.00
1.00 2.00 2.00 -6.00 -5.00 -7.00 -6.00 -1.00
-1.00 -2.00 -4.00 -11.00 0.00 0.00 5.00 6.00
-2.00 -1.00 -5.00 -5.00 -9.00 -5.00 6.00 11.00
-30.00 -13.00 1.00 8.00 6.00 10.00 47.00 97.00
-13.00 35.00 23.00 2.00 -4.00 4.00 71.00 -13.00
119.00 53.00 3.00 17.00 14.00 28.00 -125.00 -101.00
104.00 -26.00 26.00 5.00 1.00 -17.00 7.00 87.00
-16.00 -91.00 -55.00 -98.00 -37.00 -30.00 -76.00 -93.00
-20.00 10.00 5.00 40.00 5.00 1.00 13.00 -74.00
-116.00 0.00 -12.00 -13.00 -4.00 2.00 60.00 -70.00
72.00 -9.00 29.00 10.00 -7.00 -67.00 -91.00 -103.00
127.00 41.00 -19.00 -115.00 -29.00 -14.00 -101.00 -29.00
55.00 26.00 -9.00 -7.00 -4.00 26.00 121.00 111.00
-52.00 -34.00 -7.00 8.00 4.00 8.00 -16.00 -36.00
-12.00 -64.00 4.00 -53.00 18.00 2.00 -10.00 84.00
-23.00 -19.00 5.00 10.00 -2.00 -7.00 -41.00 -33.00
-100.00 -9.00 -9.00 -24.00 -15.00 -14.00 -76.00 112.00
43.00 -38.00 -12.00 -43.00 -5.00 15.00 -3.00 26.00
-6.00 3.00 -6.00 -80.00 -9.00 4.00 11.00 -19.00
-9.00 -18.00 -19.00 -20.00 -57.00 -25.00 -20.00 -9.00
-2.00 4.00 10.00 74.00 23.00 2.00 7.00 -4.00
1.00 -2.00 -15.00 -40.00 -13.00 -4.00 4.00 0.00
3.00 -1.00 -2.00 -89.00 18.00 4.00 -16.00 0.00
2.00 -3.00 -3.00 1.00 -3.00 7.00 13.00 4.00
-6.00 0.00 0.00 17.00 -3.00 -7.00 -9.00 -2.00
-1.00 1.00 -2.00 17.00 6.00 -1.00 -2.00 5.00
9.00 1.00 -7.00 -26.00 8.00 4.00 -3.00 -5.00
-2.00 0.00 0.00 4.00 2.00 0.00 -5.00 -17.00
-2.00 -1.00 -1.00 -18.00 -10.00 -2.00 -4.00 -1.00
-8.00 0.00 -2.00 -1.00 -1.00 -2.00 3.00 5.00
-2.00 -8.00 -2.00 -16.00 6.00 11.00 19.00 6.00
-1.00 -1.00 -2.00 0.00 3.00 -4.00 -5.00 0.00
