1.00 -1.00 -1.00 9.00 -2.00 -2.00 -3.00 -2.00
-3.00 -4.00 -7.00 -12.00 -3.00 -6.00 -2.00 -2.00
0.00 0.00 2.00 10.00 0.00 -1.00 0.00 1.00
1.00 -1.00 0.00 30.00 8.00 3.00 -1.00 -1.00
-2.00 -1.00 -1.00 -2.00 6.00 -2.00 -3.00 -1.00
1.00 1.00 -2.00 -13.00 8.00 5.00 3.00 1.00
0.00 -1.00 3.00 24.00 -3.00 -1.00 -4.00 -2.00
1.00 -2.00 -4.00 -12.00 -11.00 -5.00 -3.00 -1.00
-1.00 -2.00 0.00 -5.00 2.00 -1.00 -1.00 -2.00
1.00 -1.00 -1.00 -6.00 -1.00 -5.00 -6.00 0.00
-1.00 0.00 4.00 9.00 -3.00 -5.00 -3.00 -2.00
1.00 1.00 9.00 15.00 9.00 -7.00 -4.00 -1.00
-3.00 -3.00 -26.00 -36.00 -27.00 -11.00 -5.00 -2.00
-2.00 -4.00 -10.00 42.00 9.00 1.00 -3.00 -2.00
-3.00 -4.00 -23.00 46.00 -15.00 -14.00 -4.00 -5.00
1.00 3.00 14.00 55.00 -27.00 -20.00 0.00 1.00
8.00 10.00 48.00 21.00 -55.00 21.00 7.00 6.00
24.00 35.00 37.00 -39.00 -53.00 28.00 7.00 17.00
5.00 2.00 -84.00 -62.00 65.00 51.00 15.00 13.00
-12.00 -29.00 -28.00 -104.00 -106.00 -46.00 -24.00 -7.00
0.00 11.00 125.00 -27.00 4.00 -95.00 -24.00 -6.00
-25.00 -33.00 -45.00 -68.00 19.00 -27.00 -30.00 -23.00
-22.00 -41.00 13.00 -61.00 127.00 6.00 -19.00 -15.00
-15.00 -10.00 92.00 117.00 -26.00 -17.00 -29.00 -18.00
-6.00 -19.00 -53.00 44.00 52.00 -22.00 5.00 -5.00
6.00 2.00 -3.00 -27.00 -95.00 -26.00 6.00 5.00
-1.00 -4.00 -83.00 76.00 -17.00 -6.00 4.00 -2.00
-8.00 -10.00 -21.00 -57.00 -128.00 -47.00 -22.00 -11.00
-12.00 -16.00 14.00 -3.00 -44.00 -34.00 -14.00 -10.00
4.00 13.00 22.00 -34.00 -2.00 -59.00 -2.00 -3.00
-4.00 -7.00 -3.00 23.00 -18.00 -7.00 -8.00 -5.00
-3.00 -3.00 -34.00 106.00 7.00 0.00 -4.00 -5.00
1.00 -5.00 -6.00 11.00 4.00 13.00 3.00 1.00
-2.00 -3.00 -128.00 -11.00 -34.00 -10.00 -3.00 -3.00
-5.00 -4.00 -65.00 16.00 -12.00 -7.00 0.00 -18.00
-1.00 1.00 27.00 6.00 -6.00 -5.00 -4.00 10.00
2.00 5.00 14.00 11.00 0.00 1.00 -19.00 -7.00
1.00 1.00 7.00 -2.00 10.00 3.00 8.00 3.00
1.00 0.00 5.00 19.00 13.00 2.00 -3.00 -6.00
-1.00 -1.00 -6.00 -32.00 -8.00 -1.00 0.00 0.00
0.00 1.00 2.00 -28.00 -2.00 5.00 2.00 0.00
-2.00 -1.00 -1.00 -9.00 -1.00 -1.00 -9.00 -4.00
0.00 -1.00 -1.00 -44.00 2.00 1.00 -2.00 1.00
-1.00 0.00 1.00 20.00 -2.00 -2.00 8.00 2.00
-2.00 0.00 1.00 18.00 3.00 -2.00 -4.00 -4.00
-3.00 -3.00 0.00 -10.00 2.00 6.00 5.00 1.00
-1.00 3.00 8.00 17.00 5.00 0.00 4.00 2.00
0.00 0.00 2.00 14.00 5.00 2.00 -1.00 -3.00
0.00 -2.00 0.00 -30.00 -13.00 -2.00 -3.00 -3.00
-1.00 0.00 -2.00 -6.00 0.00 -2.00 -3.00 -4.00
-1.00 1.00 3.00 0.00 6.00 6.00 -1.00 1.00
