0.00 1.00 -2.00 -8.00 3.00 0.00 2.00 0.00
0.00 -1.00 0.00 -6.00 -1.00 0.00 -1.00 0.00
0.00 -1.00 3.00 -7.00 0.00 1.00 1.00 0.00
-1.00 -1.00 0.00 -6.00 -5.00 0.00 2.00 -2.00
-2.00 16.00 0.00 -3.00 0.00 -1.00 0.00 -2.00
1.00 -4.00 -2.00 -2.00 0.00 -1.00 0.00 -3.00
-42.00 -25.00 -13.00 3.00 1.00 1.00 -12.00 37.00
113.00 38.00 -12.00 -4.00 -12.00 -9.00 5.00 99.00
-69.00 -39.00 10.00 -6.00 0.00 5.00 -1.00 -40.00
-35.00 -9.00 -28.00 9.00 10.00 -5.00 -21.00 102.00
106.00 87.00 48.00 0.00 7.00 -4.00 -87.00 -91.00
-71.00 -34.00 -41.00 -38.00 -12.00 -7.00 21.00 -95.00
55.00 52.00 -3.00 6.00 -2.00 1.00 45.00 31.00
4.00 -14.00 7.00 7.00 12.00 5.00 -7.00 -14.00
-8.00 2.00 -1.00 32.00 3.00 -3.00 -14.00 -2.00
-10.00 -6.00 3.00 15.00 14.00 4.00 -5.00 -4.00
-4.00 -5.00 -16.00 -79.00 4.00 -3.00 0.00 -6.00
-4.00 -2.00 -2.00 16.00 -8.00 6.00 3.00 3.00
0.00 3.00 5.00 14.00 7.00 1.00 0.00 1.00
-3.00 -2.00 -3.00 7.00 -4.00 -1.00 -2.00 -14.00
1.00 2.00 -1.00 -2.00 -7.00 0.00 0.00 10.00
-3.00 -3.00 -2.00 -20.00 -6.00 -4.00 3.00 -3.00
1.00 -1.00 3.00 -2.00 1.00 -3.00 3.00 0.00
-2.00 1.00 4.00 18.00 -13.00 -4.00 -4.00 -3.00
-1.00 -1.00 -3.00 -5.00 -1.00 -3.00 -3.00 4.00
1.00 -1.00 2.00 6.00 -4.00 -2.00 -14.00 2.00
