0.00 0.00 -2.00 -2.00 0.00 2.00 3.00 1.00
1.00 1.00 0.00 8.00 5.00 2.00 1.00 0.00
0.00 0.00 -2.00 1.00 -2.00 1.00 2.00 -1.00
-2.00 1.00 -2.00 -3.00 -1.00 -1.00 1.00 0.00
1.00 0.00 -1.00 2.00 2.00 2.00 4.00 0.00
-2.00 2.00 5.00 11.00 6.00 -2.00 -3.00 -2.00
0.00 -3.00 0.00 98.00 37.00 -1.00 -3.00 -2.00
15.00 23.00 13.00 -47.00 77.00 47.00 25.00 13.00
-17.00 -24.00 -69.00 127.00 64.00 -21.00 -17.00 -12.00
4.00 9.00 -25.00 17.00 -44.00 48.00 25.00 10.00
5.00 17.00 77.00 111.00 95.00 8.00 7.00 6.00
-4.00 2.00 4.00 -77.00 34.00 -27.00 -12.00 -8.00
9.00 12.00 75.00 -84.00 50.00 12.00 13.00 10.00
-20.00 -36.00 -61.00 -72.00 -14.00 -37.00 -50.00 -22.00
-36.00 -44.00 -82.00 -51.00 10.00 -62.00 -48.00 -39.00
-5.00 -23.00 -48.00 8.00 -34.00 -24.00 -18.00 -13.00
15.00 37.00 58.00 36.00 -125.00 24.00 3.00 8.00
-8.00 -14.00 -67.00 -33.00 -76.00 -57.00 -22.00 -5.00
20.00 46.00 127.00 -50.00 -33.00 21.00 34.00 16.00
5.00 11.00 23.00 -97.00 -5.00 19.00 3.00 7.00
10.00 7.00 -26.00 -75.00 -15.00 2.00 14.00 8.00
4.00 3.00 34.00 -8.00 7.00 -8.00 -1.00 1.00
-3.00 -7.00 -42.00 -23.00 -11.00 -14.00 -5.00 -2.00
12.00 -3.00 -14.00 -117.00 8.00 0.00 -1.00 -1.00
-15.00 1.00 -11.00 103.00 21.00 -3.00 3.00 22.00
-3.00 -1.00 1.00 -20.00 2.00 1.00 6.00 -4.00
-4.00 1.00 -12.00 -27.00 -2.00 -8.00 -17.00 -13.00
0.00 -3.00 1.00 -7.00 5.00 5.00 13.00 9.00
2.00 3.00 3.00 -3.00 -10.00 -7.00 -6.00 -18.00
-1.00 -2.00 -2.00 -16.00 -8.00 -3.00 -12.00 -6.00
-1.00 -1.00 -2.00 -1.00 -3.00 -2.00 1.00 12.00
0.00 1.00 2.00 5.00 3.00 4.00 12.00 5.00
1.00 -1.00 -2.00 -20.00 -4.00 4.00 -2.00 -24.00
0.00 1.00 -4.00 22.00 4.00 -3.00 -8.00 1.00
0.00 -4.00 -3.00 8.00 -6.00 -6.00 -5.00 -3.00
1.00 -3.00 -3.00 -11.00 9.00 2.00 -2.00 -3.00
