0.00 0.00 -3.00 -11.00 -3.00 0.00 -4.00 0.00
0.00 -2.00 0.00 -9.00 0.00 -2.00 5.00 0.00
-4.00 -1.00 -3.00 -7.00 -4.00 -3.00 -6.00 -12.00
4.00 -1.00 -5.00 -16.00 -4.00 -2.00 -6.00 10.00
-7.00 -4.00 -1.00 2.00 -2.00 -2.00 15.00 -5.00
11.00 13.00 7.00 3.00 3.00 -7.00 -20.00 12.00
9.00 8.00 5.00 1.00 2.00 -7.00 -8.00 16.00
-10.00 6.00 0.00 -13.00 4.00 8.00 -8.00 -82.00
24.00 10.00 14.00 3.00 0.00 6.00 40.00 81.00
-61.00 -16.00 -2.00 -4.00 12.00 13.00 93.00 -17.00
-78.00 94.00 25.00 31.00 28.00 20.00 62.00 -1.00
-26.00 -33.00 -1.00 -6.00 -12.00 -19.00 -11.00 -37.00
7.00 -55.00 -40.00 -60.00 -16.00 -15.00 -72.00 -27.00
78.00 21.00 0.00 16.00 -10.00 -11.00 28.00 -37.00
83.00 -13.00 -2.00 -33.00 8.00 35.00 104.00 103.00
-57.00 2.00 -3.00 62.00 2.00 -34.00 -128.00 -8.00
66.00 -16.00 -23.00 -16.00 -11.00 -9.00 -62.00 92.00
-92.00 -31.00 14.00 61.00 15.00 22.00 9.00 -44.00
-54.00 29.00 13.00 33.00 -3.00 6.00 35.00 127.00
81.00 73.00 35.00 52.00 10.00 12.00 2.00 45.00
-16.00 -32.00 8.00 -26.00 10.00 -5.00 -88.00 -15.00
90.00 0.00 23.00 8.00 -8.00 -26.00 -127.00 -50.00
85.00 -8.00 -12.00 -5.00 -10.00 -2.00 -24.00 -71.00
-10.00 19.00 10.00 4.00 9.00 20.00 86.00 95.00
-51.00 -20.00 -10.00 50.00 -11.00 -11.00 -17.00 31.00
-11.00 -6.00 -5.00 102.00 6.00 2.00 -10.00 30.00
-7.00 -9.00 -16.00 -100.00 -28.00 -30.00 -28.00 11.00
-18.00 -10.00 -13.00 110.00 -2.00 -11.00 -12.00 -9.00
4.00 4.00 11.00 55.00 11.00 8.00 26.00 10.00
0.00 2.00 6.00 -71.00 -4.00 2.00 9.00 -3.00
-2.00 -1.00 4.00 84.00 5.00 -8.00 -30.00 -1.00
1.00 2.00 6.00 -2.00 4.00 3.00 0.00 -5.00
-1.00 -3.00 -11.00 -66.00 -15.00 2.00 13.00 11.00
-2.00 -4.00 0.00 39.00 -1.00 -12.00 -32.00 22.00
1.00 2.00 0.00 -25.00 11.00 4.00 5.00 2.00
0.00 -1.00 -1.00 -14.00 -9.00 0.00 10.00 -7.00
0.00 -1.00 1.00 12.00 6.00 5.00 -1.00 -1.00
0.00 -1.00 0.00 3.00 1.00 1.00 4.00 3.00
2.00 -1.00 -1.00 10.00 7.00 0.00 -10.00 1.00
-2.00 -3.00 -9.00 -14.00 1.00 -3.00 1.00 -3.00
2.00 -2.00 -3.00 -3.00 2.00 4.00 0.00 -3.00
