0.00 0.00 1.00 -1.00 -2.00 1.00 -1.00 -1.00
-1.00 1.00 2.00 8.00 -1.00 -2.00 -3.00 -1.00
-2.00 -2.00 -2.00 -8.00 -5.00 0.00 -2.00 -3.00
1.00 0.00 0.00 -2.00 1.00 1.00 1.00 0.00
0.00 0.00 4.00 9.00 2.00 -1.00 -1.00 -2.00
0.00 -2.00 -3.00 5.00 -2.00 -1.00 -1.00 1.00
18.00 2.00 -3.00 0.00 3.00 -6.00 -48.00 5.00
18.00 -9.00 -4.00 -8.00 -5.00 -2.00 1.00 -17.00
-2.00 19.00 1.00 3.00 1.00 -6.00 -91.00 11.00
80.00 15.00 6.00 4.00 10.00 7.00 -18.00 -66.00
-128.00 -45.00 2.00 -4.00 -7.00 -20.00 -84.00 40.00
-59.00 -49.00 -17.00 -12.00 -6.00 6.00 -5.00 -128.00
-56.00 22.00 14.00 13.00 11.00 8.00 -19.00 24.00
-66.00 -14.00 -10.00 7.00 -1.00 0.00 34.00 28.00
44.00 26.00 8.00 -3.00 -3.00 -2.00 4.00 42.00
4.00 5.00 5.00 1.00 2.00 -2.00 4.00 10.00
2.00 0.00 -8.00 -71.00 1.00 0.00 1.00 7.00
8.00 6.00 13.00 -6.00 -8.00 0.00 0.00 6.00
1.00 1.00 5.00 36.00 11.00 1.00 1.00 3.00
-5.00 -1.00 6.00 87.00 -2.00 -10.00 -6.00 -3.00
0.00 0.00 5.00 33.00 0.00 3.00 3.00 1.00
1.00 0.00 -6.00 -23.00 -20.00 3.00 -1.00 2.00
0.00 -1.00 3.00 1.00 -1.00 1.00 -1.00 -1.00
-2.00 -3.00 -3.00 -3.00 -7.00 -2.00 -2.00 -2.00
-1.00 -2.00 -1.00 14.00 5.00 -2.00 0.00 -1.00
-1.00 -1.00 -8.00 -8.00 1.00 -2.00 -1.00 -1.00
-2.00 -1.00 -4.00 2.00 4.00 2.00 0.00 -2.00
0.00 0.00 -1.00 -2.00 4.00 2.00 0.00 -3.00
-1.00 -1.00 -1.00 -25.00 -4.00 -3.00 0.00 0.00
2.00 2.00 7.00 -7.00 -4.00 1.00 2.00 -1.00
-1.00 -2.00 -5.00 0.00 -1.00 0.00 0.00 -2.00
