-1.00 -2.00 1.00 6.00 -1.00 -3.00 -1.00 -2.00
-2.00 -1.00 -6.00 -10.00 5.00 1.00 0.00 0.00
-1.00 0.00 1.00 0.00 -2.00 -1.00 0.00 -1.00
1.00 0.00 -1.00 -18.00 2.00 0.00 -1.00 -1.00
-1.00 1.00 -2.00 0.00 9.00 1.00 -2.00 -1.00
-2.00 1.00 3.00 16.00 6.00 0.00 -1.00 -3.00
0.00 0.00 -1.00 -1.00 -2.00 1.00 -1.00 0.00
0.00 -3.00 -10.00 -9.00 -12.00 -5.00 -3.00 0.00
-1.00 -1.00 -4.00 -9.00 2.00 0.00 -4.00 0.00
0.00 0.00 -2.00 21.00 10.00 0.00 -4.00 1.00
-2.00 1.00 5.00 41.00 23.00 3.00 -2.00 -1.00
11.00 20.00 -9.00 -83.00 -60.00 13.00 13.00 8.00
10.00 15.00 19.00 -84.00 -71.00 88.00 18.00 9.00
-5.00 3.00 3.00 112.00 -95.00 -77.00 -13.00 -9.00
18.00 18.00 39.00 -43.00 83.00 127.00 49.00 22.00
14.00 19.00 22.00 34.00 85.00 1.00 3.00 6.00
21.00 20.00 -50.00 -115.00 30.00 52.00 32.00 22.00
-9.00 -27.00 -72.00 -48.00 -43.00 3.00 9.00 -2.00
-1.00 -5.00 -43.00 -40.00 11.00 -16.00 10.00 3.00
18.00 49.00 106.00 -11.00 -29.00 13.00 13.00 8.00
-2.00 -12.00 16.00 20.00 53.00 59.00 3.00 5.00
-8.00 -6.00 -8.00 73.00 10.00 -4.00 -12.00 -8.00
6.00 6.00 7.00 36.00 17.00 -17.00 3.00 0.00
-3.00 1.00 -13.00 -37.00 2.00 -4.00 -15.00 -14.00
2.00 12.00 17.00 7.00 -7.00 2.00 47.00 0.00
-24.00 -8.00 1.00 -11.00 6.00 1.00 2.00 -1.00
3.00 3.00 -3.00 -5.00 6.00 0.00 6.00 2.00
0.00 -2.00 -4.00 -28.00 1.00 3.00 5.00 1.00
-2.00 -2.00 -3.00 13.00 -9.00 -4.00 -6.00 -2.00
-2.00 -1.00 0.00 6.00 7.00 0.00 -3.00 -8.00
3.00 3.00 3.00 13.00 5.00 -4.00 -3.00 -1.00
-1.00 -2.00 -1.00 9.00 5.00 0.00 1.00 3.00
0.00 -2.00 -2.00 -20.00 -5.00 -3.00 -3.00 2.00
0.00 1.00 -2.00 1.00 1.00 4.00 -3.00 -2.00
1.00 1.00 3.00 2.00 8.00 -1.00 1.00 -2.00
2.00 0.00 -2.00 7.00 -11.00 -8.00 -4.00 4.00
