-1.00 0.00 -1.00 7.00 4.00 -1.00 -5.00 -1.00
-1.00 0.00 -1.00 5.00 11.00 6.00 6.00 0.00
-1.00 -2.00 0.00 -3.00 -5.00 -10.00 -9.00 -4.00
-1.00 1.00 -2.00 1.00 -2.00 3.00 -1.00 0.00
-1.00 0.00 1.00 -4.00 -5.00 3.00 16.00 14.00
0.00 0.00 -1.00 -1.00 4.00 2.00 0.00 -1.00
-2.00 0.00 2.00 -5.00 3.00 -4.00 -6.00 -10.00
-3.00 -1.00 0.00 16.00 -9.00 -7.00 -6.00 -15.00
-2.00 -1.00 0.00 2.00 8.00 3.00 5.00 8.00
-1.00 0.00 -1.00 -8.00 -1.00 -3.00 -5.00 -8.00
0.00 0.00 -4.00 -49.00 -25.00 0.00 1.00 -3.00
-3.00 -1.00 5.00 65.00 -11.00 -7.00 -7.00 -3.00
1.00 -1.00 -1.00 119.00 17.00 3.00 5.00 2.00
4.00 4.00 -5.00 -41.00 -13.00 17.00 -10.00 4.00
6.00 9.00 17.00 -12.00 23.00 -18.00 8.00 2.00
-7.00 -6.00 8.00 -27.00 49.00 -42.00 -71.00 -14.00
7.00 13.00 16.00 98.00 -99.00 -6.00 -39.00 5.00
-17.00 -31.00 -87.00 127.00 87.00 -13.00 -24.00 -13.00
-20.00 -31.00 -118.00 -35.00 -72.00 -22.00 -44.00 -18.00
18.00 23.00 127.00 -49.00 21.00 62.00 25.00 22.00
-3.00 -6.00 -24.00 16.00 66.00 -35.00 22.00 0.00
13.00 15.00 57.00 -25.00 33.00 2.00 9.00 5.00
-15.00 -11.00 1.00 -32.00 -105.00 -4.00 -71.00 -21.00
-29.00 -27.00 11.00 71.00 -36.00 -128.00 -59.00 -29.00
6.00 3.00 -5.00 -66.00 -94.00 -3.00 -22.00 4.00
8.00 15.00 51.00 127.00 -81.00 -68.00 -24.00 -5.00
1.00 8.00 13.00 47.00 74.00 55.00 39.00 0.00
-4.00 -10.00 -72.00 6.00 59.00 44.00 -31.00 -1.00
-4.00 3.00 41.00 76.00 -96.00 13.00 -45.00 -11.00
12.00 6.00 -20.00 53.00 46.00 114.00 8.00 26.00
-7.00 -6.00 -53.00 -19.00 -72.00 -33.00 5.00 -9.00
5.00 9.00 41.00 50.00 95.00 56.00 54.00 8.00
0.00 -8.00 62.00 74.00 -10.00 -13.00 7.00 -6.00
-24.00 -32.00 -61.00 24.00 -85.00 -78.00 -58.00 -24.00
-8.00 -27.00 -50.00 41.00 -22.00 22.00 19.00 4.00
15.00 14.00 -6.00 -114.00 62.00 5.00 29.00 14.00
1.00 -1.00 0.00 -12.00 -78.00 79.00 127.00 16.00
-6.00 -18.00 -46.00 -80.00 -78.00 -70.00 -73.00 -5.00
4.00 -7.00 16.00 62.00 46.00 80.00 -32.00 6.00
8.00 28.00 116.00 125.00 -83.00 -39.00 92.00 -2.00
12.00 4.00 -103.00 91.00 -23.00 9.00 -25.00 11.00
-4.00 -7.00 -37.00 -26.00 -60.00 -15.00 7.00 1.00
-12.00 -19.00 -50.00 127.00 109.00 -79.00 -3.00 -8.00
7.00 10.00 -14.00 -112.00 -13.00 -6.00 -41.00 -5.00
1.00 13.00 60.00 -79.00 119.00 -2.00 -42.00 -1.00
1.00 -4.00 -23.00 24.00 -23.00 -22.00 -29.00 4.00
-9.00 -13.00 -45.00 -14.00 -40.00 23.00 -82.00 -22.00
-3.00 -3.00 -3.00 12.00 2.00 -2.00 7.00 -1.00
-7.00 -5.00 -4.00 35.00 -4.00 -39.00 19.00 -17.00
2.00 6.00 34.00 -22.00 -5.00 11.00 -6.00 -5.00
-5.00 -3.00 13.00 36.00 0.00 5.00 23.00 5.00
4.00 0.00 9.00 10.00 8.00 4.00 -7.00 -11.00
-3.00 -5.00 -3.00 13.00 2.00 -1.00 -5.00 -11.00
0.00 1.00 2.00 29.00 6.00 -2.00 -9.00 -3.00
-3.00 -2.00 -3.00 23.00 -16.00 -14.00 0.00 -7.00
1.00 -1.00 1.00 30.00 -13.00 -2.00 2.00 0.00
-2.00 -1.00 4.00 -5.00 -11.00 -1.00 -2.00 -7.00
0.00 -3.00 -3.00 3.00 -1.00 3.00 2.00 6.00
-2.00 -1.00 4.00 50.00 3.00 -3.00 -2.00 -5.00
1.00 1.00 -3.00 -30.00 1.00 2.00 -7.00 -5.00
-1.00 -2.00 0.00 -7.00 3.00 -8.00 -3.00 -9.00
-1.00 -3.00 0.00 -2.00 -3.00 -2.00 -1.00 -1.00
-3.00 0.00 8.00 -30.00 -13.00 -6.00 1.00 5.00
0.00 -1.00 -1.00 18.00 8.00 4.00 1.00 1.00
-2.00 -3.00 -4.00 6.00 6.00 1.00 -7.00 -5.00
-4.00 -2.00 -1.00 -2.00 3.00 3.00 -2.00 -3.00
1.00 -1.00 -3.00 21.00 -5.00 -4.00 7.00 0.00
-2.00 0.00 2.00 1.00 -5.00 -2.00 -9.00 -4.00
-1.00 -1.00 -4.00 -8.00 0.00 5.00 -5.00 -4.00
-1.00 -1.00 -2.00 15.00 5.00 4.00 4.00 0.00
-1.00 -2.00 -4.00 -7.00 -7.00 -12.00 -8.00 -8.00
