0.00 0.00 2.00 4.00 3.00 1.00 0.00 1.00
-1.00 0.00 -2.00 -2.00 0.00 1.00 2.00 0.00
-1.00 -1.00 -3.00 7.00 0.00 -2.00 -2.00 -1.00
-2.00 -3.00 -4.00 4.00 -2.00 1.00 1.00 0.00
-2.00 1.00 1.00 2.00 -1.00 0.00 0.00 1.00
-5.00 -1.00 -1.00 -5.00 -1.00 -3.00 -2.00 -4.00
5.00 3.00 3.00 0.00 1.00 1.00 -2.00 41.00
-13.00 -14.00 -8.00 1.00 0.00 -2.00 4.00 4.00
-34.00 -13.00 -9.00 -2.00 0.00 1.00 7.00 33.00
63.00 22.00 5.00 -5.00 -10.00 -12.00 -74.00 2.00
52.00 19.00 12.00 3.00 3.00 -17.00 -119.00 -97.00
127.00 23.00 -6.00 -4.00 -7.00 -19.00 -99.00 17.00
41.00 25.00 4.00 -4.00 -11.00 -8.00 -33.00 -36.00
61.00 -17.00 11.00 -5.00 -1.00 -12.00 42.00 -45.00
87.00 23.00 -13.00 -1.00 6.00 28.00 107.00 -42.00
28.00 5.00 9.00 -8.00 -10.00 -3.00 -85.00 30.00
66.00 -19.00 -19.00 -4.00 -4.00 -4.00 58.00 -6.00
-38.00 -5.00 -6.00 -14.00 -3.00 5.00 28.00 -8.00
-14.00 2.00 7.00 32.00 11.00 0.00 2.00 -9.00
-9.00 -3.00 -6.00 26.00 -12.00 1.00 6.00 -2.00
-10.00 -9.00 -25.00 -125.00 -22.00 -7.00 -4.00 -7.00
-9.00 -14.00 -16.00 3.00 -5.00 -6.00 -3.00 -6.00
-2.00 0.00 0.00 -81.00 -21.00 -5.00 -1.00 -1.00
-1.00 0.00 -3.00 37.00 -5.00 -1.00 4.00 1.00
0.00 -1.00 -5.00 -36.00 -2.00 -1.00 2.00 9.00
2.00 1.00 1.00 -18.00 2.00 3.00 6.00 5.00
0.00 -1.00 -4.00 14.00 2.00 -2.00 1.00 -1.00
0.00 1.00 -2.00 -6.00 -3.00 0.00 2.00 8.00
-1.00 -2.00 4.00 23.00 5.00 -2.00 0.00 3.00
0.00 -1.00 -2.00 -1.00 -1.00 0.00 -2.00 -3.00
0.00 -3.00 -6.00 -8.00 0.00 -3.00 -3.00 -1.00
-1.00 2.00 0.00 3.00 -4.00 -4.00 -2.00 -2.00
-2.00 -6.00 -8.00 0.00 1.00 -1.00 -3.00 0.00
2.00 2.00 2.00 4.00 1.00 0.00 5.00 3.00
-2.00 -3.00 -4.00 0.00 -1.00 0.00 -3.00 -21.00
-2.00 -2.00 -2.00 -2.00 -2.00 -2.00 -1.00 2.00
0.00 0.00 -2.00 -8.00 -5.00 -4.00 -1.00 2.00
-1.00 0.00 0.00 1.00 -8.00 -4.00 -2.00 0.00
0.00 0.00 -4.00 7.00 2.00 0.00 -1.00 -2.00
0.00 -1.00 0.00 6.00 -9.00 -4.00 -3.00 0.00
0.00 -1.00 2.00 -3.00 -5.00 -3.00 -1.00 -2.00
