0.00 -2.00 -1.00 -5.00 -2.00 -2.00 -1.00 0.00
-1.00 0.00 2.00 -4.00 2.00 0.00 0.00 -1.00
1.00 2.00 2.00 -4.00 -3.00 -2.00 -2.00 -3.00
-1.00 -2.00 -4.00 13.00 1.00 -2.00 -1.00 -3.00
-6.00 -4.00 -2.00 7.00 1.00 -1.00 -2.00 3.00
11.00 -10.00 -7.00 -3.00 1.00 -2.00 -2.00 -2.00
11.00 0.00 -17.00 -8.00 -2.00 -3.00 -25.00 -52.00
77.00 -35.00 -8.00 -3.00 -5.00 -9.00 -63.00 63.00
71.00 -38.00 -15.00 -4.00 4.00 43.00 122.00 41.00
-119.00 -92.00 -52.00 -16.00 -7.00 4.00 64.00 58.00
111.00 65.00 47.00 22.00 23.00 14.00 -52.00 60.00
15.00 -13.00 -26.00 7.00 -2.00 -5.00 36.00 68.00
-95.00 -45.00 -1.00 -15.00 2.00 20.00 115.00 -60.00
-80.00 -15.00 -1.00 -8.00 -6.00 -21.00 -65.00 5.00
16.00 -7.00 -3.00 -7.00 -14.00 -1.00 -12.00 14.00
4.00 -11.00 6.00 56.00 6.00 -5.00 -17.00 -1.00
5.00 -2.00 -3.00 -24.00 49.00 3.00 -1.00 2.00
-8.00 -9.00 -9.00 100.00 -39.00 -16.00 -7.00 -10.00
2.00 3.00 -1.00 -18.00 -12.00 2.00 2.00 1.00
-1.00 -5.00 -1.00 30.00 -5.00 -7.00 -4.00 -2.00
1.00 1.00 0.00 31.00 -2.00 -3.00 6.00 7.00
0.00 -1.00 5.00 30.00 -4.00 -1.00 0.00 0.00
-1.00 -1.00 5.00 5.00 -9.00 -1.00 9.00 2.00
6.00 -1.00 -1.00 2.00 1.00 -1.00 2.00 3.00
1.00 0.00 -1.00 -7.00 1.00 -2.00 1.00 3.00
-1.00 -2.00 6.00 27.00 -3.00 -6.00 0.00 -2.00
0.00 -1.00 -4.00 -9.00 -1.00 3.00 1.00 -3.00
-1.00 -1.00 -3.00 -14.00 0.00 1.00 -3.00 -2.00
-2.00 -1.00 3.00 3.00 0.00 2.00 -4.00 -3.00
-1.00 0.00 1.00 -3.00 -1.00 -3.00 -1.00 -1.00
0.00 0.00 -2.00 4.00 0.00 0.00 -2.00 -3.00
