0.00 1.00 -4.00 -2.00 5.00 4.00 -2.00 2.00
0.00 -3.00 -5.00 -17.00 -8.00 -4.00 -8.00 -1.00
-2.00 2.00 -2.00 3.00 7.00 3.00 0.00 2.00
-1.00 -1.00 0.00 -8.00 -3.00 -4.00 -3.00 3.00
0.00 -1.00 -1.00 0.00 9.00 3.00 1.00 -8.00
-1.00 0.00 -1.00 11.00 -2.00 -3.00 6.00 -2.00
0.00 1.00 -2.00 -7.00 0.00 1.00 0.00 -1.00
0.00 -1.00 -4.00 -15.00 -21.00 1.00 2.00 1.00
-1.00 -2.00 2.00 12.00 6.00 -2.00 -1.00 -2.00
-2.00 -2.00 -2.00 13.00 -22.00 -1.00 2.00 -1.00
1.00 1.00 11.00 92.00 17.00 8.00 5.00 3.00
2.00 -1.00 -3.00 -33.00 43.00 9.00 0.00 3.00
-1.00 -7.00 -55.00 -82.00 -28.00 3.00 1.00 -5.00
7.00 10.00 -21.00 -40.00 -74.00 69.00 25.00 14.00
-2.00 -17.00 -78.00 -51.00 -2.00 10.00 114.00 16.00
5.00 -1.00 97.00 113.00 -83.00 127.00 81.00 16.00
-11.00 -6.00 45.00 -70.00 -51.00 -119.00 70.00 -23.00
4.00 25.00 117.00 55.00 25.00 12.00 -4.00 3.00
-21.00 -34.00 -90.00 -6.00 -30.00 -75.00 -51.00 -20.00
-8.00 -6.00 11.00 -33.00 -50.00 -49.00 27.00 -10.00
0.00 -5.00 67.00 125.00 127.00 17.00 17.00 1.00
-13.00 -31.00 -104.00 35.00 -37.00 -28.00 -39.00 -13.00
3.00 10.00 95.00 56.00 74.00 -7.00 47.00 8.00
-4.00 1.00 -8.00 -43.00 -13.00 -6.00 -23.00 -3.00
-10.00 -2.00 72.00 -74.00 -128.00 20.00 0.00 -14.00
-12.00 -16.00 39.00 -11.00 70.00 -28.00 -1.00 -10.00
12.00 20.00 54.00 31.00 -76.00 -37.00 23.00 10.00
-7.00 -14.00 -43.00 -43.00 -45.00 8.00 1.00 -5.00
0.00 0.00 -32.00 0.00 -70.00 -27.00 -4.00 -6.00
-7.00 -10.00 -96.00 39.00 106.00 25.00 -6.00 -4.00
-13.00 -22.00 -79.00 -31.00 -3.00 -19.00 8.00 -13.00
14.00 1.00 37.00 25.00 -25.00 19.00 -10.00 0.00
-4.00 -13.00 -38.00 -74.00 -37.00 -5.00 -10.00 -2.00
3.00 4.00 3.00 -74.00 -52.00 17.00 10.00 8.00
-1.00 -4.00 -9.00 16.00 -1.00 -9.00 18.00 16.00
7.00 0.00 -18.00 22.00 2.00 -13.00 -18.00 -5.00
-8.00 -10.00 -3.00 -7.00 -7.00 -8.00 38.00 16.00
-1.00 -2.00 -5.00 -6.00 5.00 9.00 49.00 19.00
-2.00 0.00 -4.00 -12.00 0.00 1.00 -14.00 -6.00
-3.00 -2.00 -5.00 -7.00 -6.00 0.00 4.00 12.00
-6.00 -4.00 -6.00 -4.00 -31.00 -18.00 0.00 1.00
-1.00 -2.00 0.00 13.00 13.00 6.00 0.00 -10.00
-3.00 -1.00 4.00 -11.00 -2.00 0.00 -2.00 -2.00
-4.00 -1.00 -5.00 11.00 -4.00 -4.00 12.00 23.00
2.00 0.00 -1.00 5.00 7.00 3.00 -9.00 5.00
-1.00 -4.00 -2.00 1.00 -11.00 -9.00 -1.00 2.00
-1.00 -1.00 0.00 -6.00 1.00 -2.00 -4.00 4.00
-2.00 -2.00 -4.00 -11.00 -5.00 -3.00 0.00 6.00
0.00 -3.00 -1.00 5.00 8.00 3.00 -5.00 5.00
0.00 -1.00 -2.00 -5.00 -3.00 8.00 5.00 -4.00
0.00 0.00 -1.00 -1.00 1.00 3.00 10.00 12.00
