-2.00 -7.00 -3.00 -2.00 -5.00 -2.00 21.00 11.00
-2.00 -1.00 -2.00 2.00 0.00 -2.00 -7.00 3.00
-3.00 -4.00 -5.00 -2.00 -2.00 -2.00 -1.00 -10.00
1.00 -3.00 6.00 6.00 2.00 3.00 3.00 -8.00
-1.00 -7.00 -4.00 -2.00 1.00 -3.00 -6.00 8.00
-8.00 12.00 18.00 2.00 3.00 3.00 1.00 26.00
73.00 -1.00 3.00 -2.00 -4.00 -5.00 -43.00 -19.00
93.00 24.00 7.00 -4.00 1.00 1.00 0.00 19.00
-38.00 -14.00 -1.00 0.00 0.00 1.00 19.00 -24.00
45.00 16.00 3.00 6.00 3.00 6.00 68.00 6.00
-15.00 -25.00 20.00 3.00 10.00 2.00 -63.00 24.00
40.00 23.00 6.00 3.00 5.00 7.00 54.00 49.00
-8.00 -1.00 10.00 12.00 20.00 12.00 -86.00 -70.00
-58.00 25.00 25.00 -2.00 -10.00 -10.00 27.00 95.00
-7.00 -13.00 -9.00 -8.00 -7.00 -18.00 -105.00 -62.00
23.00 -19.00 -2.00 3.00 3.00 4.00 1.00 -34.00
-97.00 -34.00 -1.00 0.00 -9.00 -19.00 -51.00 77.00
17.00 -12.00 15.00 -1.00 5.00 7.00 32.00 -64.00
-19.00 -17.00 40.00 27.00 20.00 6.00 -59.00 18.00
-1.00 -15.00 -8.00 -5.00 -1.00 1.00 3.00 -26.00
-11.00 7.00 5.00 10.00 -1.00 1.00 -30.00 -12.00
7.00 4.00 -1.00 25.00 3.00 2.00 -5.00 0.00
9.00 2.00 -2.00 0.00 -2.00 -3.00 -12.00 -2.00
-7.00 4.00 5.00 -7.00 1.00 4.00 6.00 2.00
-4.00 -4.00 -13.00 12.00 -8.00 -8.00 -4.00 -2.00
2.00 1.00 5.00 9.00 7.00 -1.00 0.00 -4.00
0.00 -1.00 4.00 36.00 -10.00 -1.00 -2.00 -5.00
-2.00 -3.00 -2.00 16.00 -8.00 -1.00 -1.00 -2.00
3.00 -2.00 -10.00 -114.00 2.00 -2.00 2.00 1.00
-1.00 3.00 0.00 -13.00 -8.00 0.00 1.00 1.00
-1.00 0.00 -2.00 -19.00 11.00 0.00 -1.00 -2.00
-2.00 1.00 1.00 -9.00 -1.00 -1.00 -1.00 -2.00
-2.00 -1.00 0.00 9.00 10.00 4.00 -2.00 0.00
-1.00 -1.00 1.00 -7.00 -3.00 -4.00 -2.00 -2.00
0.00 2.00 0.00 6.00 5.00 0.00 0.00 1.00
-1.00 0.00 0.00 2.00 4.00 0.00 -1.00 0.00
-2.00 0.00 2.00 -2.00 -2.00 -2.00 1.00 0.00
0.00 -1.00 -1.00 -18.00 -12.00 -3.00 0.00 -1.00
-1.00 1.00 0.00 -3.00 -1.00 -2.00 -3.00 -2.00
0.00 1.00 -1.00 -1.00 -2.00 0.00 1.00 1.00
0.00 1.00 3.00 24.00 -3.00 -2.00 -3.00 -2.00
