-1.00 -1.00 -1.00 2.00 0.00 0.00 0.00 -4.00
1.00 0.00 -2.00 0.00 3.00 0.00 0.00 -1.00
-18.00 -4.00 -1.00 1.00 -1.00 -2.00 1.00 -7.00
-10.00 11.00 15.00 6.00 1.00 -5.00 -25.00 41.00
52.00 16.00 11.00 3.00 1.00 -1.00 -23.00 45.00
-118.00 -23.00 5.00 17.00 14.00 19.00 74.00 17.00
4.00 28.00 4.00 1.00 -10.00 -7.00 54.00 94.00
45.00 7.00 1.00 28.00 -2.00 -4.00 -45.00 -19.00
100.00 19.00 -9.00 6.00 2.00 -2.00 -36.00 47.00
-31.00 -16.00 10.00 0.00 -1.00 0.00 -14.00 -4.00
56.00 13.00 12.00 8.00 7.00 2.00 -21.00 25.00
4.00 -7.00 -14.00 5.00 -12.00 0.00 31.00 -19.00
0.00 3.00 11.00 33.00 -5.00 1.00 8.00 -1.00
1.00 -1.00 7.00 57.00 56.00 2.00 9.00 -6.00
-4.00 -3.00 -4.00 23.00 -27.00 -14.00 -2.00 -4.00
-2.00 -1.00 -7.00 -37.00 -6.00 1.00 2.00 -8.00
3.00 2.00 -2.00 -23.00 1.00 4.00 23.00 10.00
-2.00 -3.00 -8.00 4.00 3.00 -4.00 -11.00 -5.00
-1.00 -1.00 1.00 20.00 11.00 1.00 4.00 -1.00
-2.00 -2.00 -1.00 24.00 -5.00 -2.00 -4.00 -7.00
1.00 1.00 1.00 -9.00 3.00 1.00 0.00 0.00
-1.00 0.00 2.00 -1.00 0.00 -1.00 1.00 1.00
2.00 0.00 -3.00 6.00 4.00 1.00 -1.00 -2.00
1.00 0.00 0.00 -1.00 -4.00 1.00 -1.00 1.00
-2.00 0.00 0.00 4.00 3.00 -2.00 -1.00 -1.00
-2.00 -3.00 -7.00 -3.00 -5.00 -2.00 -1.00 -2.00
