0.00 2.00 7.00 16.00 2.00 0.00 -2.00 -4.00
-1.00 -1.00 -1.00 -5.00 1.00 -1.00 4.00 4.00
-3.00 -3.00 -3.00 -4.00 -7.00 -2.00 4.00 16.00
1.00 1.00 0.00 -3.00 0.00 -1.00 2.00 5.00
0.00 -1.00 1.00 2.00 -4.00 0.00 8.00 16.00
-1.00 -4.00 -5.00 -1.00 0.00 0.00 -4.00 -2.00
-3.00 -4.00 -5.00 2.00 -3.00 0.00 -1.00 2.00
-1.00 2.00 -2.00 -2.00 -1.00 1.00 -10.00 -1.00
0.00 -1.00 1.00 -20.00 9.00 0.00 0.00 -3.00
0.00 -2.00 -4.00 0.00 -2.00 -1.00 0.00 -1.00
-2.00 0.00 7.00 19.00 3.00 0.00 3.00 -7.00
-1.00 1.00 4.00 3.00 -5.00 -3.00 2.00 7.00
-1.00 7.00 -4.00 6.00 -2.00 1.00 -7.00 -6.00
-17.00 -20.00 -3.00 -2.00 6.00 2.00 5.00 10.00
-51.00 -26.00 1.00 4.00 -3.00 2.00 25.00 24.00
-30.00 8.00 6.00 0.00 1.00 -2.00 -43.00 4.00
-44.00 -22.00 -9.00 -2.00 -5.00 -6.00 8.00 -21.00
-5.00 -8.00 -1.00 7.00 -3.00 0.00 6.00 13.00
59.00 -2.00 5.00 31.00 4.00 0.00 31.00 -30.00
49.00 10.00 4.00 -1.00 10.00 5.00 -50.00 19.00
-65.00 7.00 23.00 7.00 7.00 -6.00 -52.00 35.00
-17.00 24.00 -6.00 -1.00 -4.00 -4.00 -69.00 -3.00
127.00 16.00 5.00 0.00 0.00 6.00 46.00 4.00
44.00 10.00 3.00 -6.00 -6.00 -10.00 14.00 56.00
-16.00 -16.00 -14.00 -6.00 -1.00 5.00 1.00 -8.00
-43.00 4.00 -3.00 -10.00 -4.00 -6.00 -52.00 -11.00
1.00 -8.00 -4.00 -24.00 12.00 1.00 -8.00 1.00
1.00 3.00 13.00 23.00 35.00 -1.00 -8.00 -2.00
1.00 -2.00 -1.00 14.00 -27.00 -13.00 -3.00 -1.00
-1.00 -2.00 -3.00 -72.00 -27.00 7.00 1.00 -3.00
0.00 -2.00 -3.00 -3.00 -5.00 -2.00 -12.00 0.00
-2.00 -4.00 -4.00 9.00 6.00 4.00 14.00 -7.00
0.00 0.00 0.00 3.00 -3.00 -1.00 9.00 -8.00
-1.00 -1.00 -2.00 -1.00 0.00 -3.00 -3.00 4.00
-2.00 -2.00 0.00 19.00 18.00 4.00 4.00 -6.00
-1.00 -1.00 -1.00 3.00 -6.00 -3.00 2.00 5.00
0.00 1.00 -1.00 -12.00 15.00 -2.00 -1.00 11.00
1.00 0.00 1.00 4.00 -15.00 -1.00 7.00 2.00
1.00 0.00 5.00 7.00 0.00 7.00 4.00 -13.00
0.00 1.00 -3.00 0.00 -8.00 -2.00 2.00 -4.00
0.00 -2.00 -3.00 -22.00 -1.00 2.00 7.00 10.00
0.00 -1.00 -3.00 -7.00 -4.00 0.00 -2.00 -4.00
1.00 -2.00 -3.00 11.00 0.00 -3.00 -7.00 -4.00
1.00 0.00 3.00 4.00 -7.00 -3.00 -10.00 -1.00
-4.00 -1.00 -2.00 12.00 1.00 -3.00 -9.00 -10.00
-1.00 -1.00 -1.00 -3.00 1.00 0.00 -9.00 -20.00
2.00 0.00 -2.00 -3.00 2.00 1.00 2.00 12.00
-1.00 -1.00 -3.00 3.00 17.00 -3.00 0.00 2.00
2.00 2.00 10.00 10.00 -2.00 -1.00 -3.00 1.00
-1.00 0.00 -5.00 -3.00 -1.00 1.00 2.00 0.00
-1.00 1.00 0.00 0.00 0.00 -2.00 -2.00 1.00
