-1.00 -1.00 -6.00 -12.00 -2.00 0.00 -3.00 0.00
-2.00 -2.00 -3.00 -14.00 -3.00 -2.00 -1.00 -2.00
-1.00 0.00 -2.00 -9.00 -7.00 -4.00 -7.00 0.00
-1.00 1.00 -1.00 11.00 5.00 -1.00 -5.00 -2.00
0.00 0.00 -1.00 2.00 7.00 1.00 1.00 -1.00
-3.00 -4.00 -3.00 14.00 10.00 -1.00 0.00 -1.00
-2.00 0.00 0.00 11.00 5.00 -2.00 -4.00 -1.00
0.00 1.00 0.00 -17.00 -1.00 2.00 5.00 1.00
0.00 0.00 1.00 2.00 -7.00 -1.00 0.00 -1.00
-1.00 0.00 0.00 -2.00 -8.00 -1.00 -6.00 -2.00
0.00 -3.00 -4.00 1.00 -1.00 -1.00 -5.00 -2.00
0.00 -2.00 0.00 4.00 0.00 -3.00 -1.00 -1.00
0.00 2.00 2.00 20.00 5.00 3.00 1.00 -1.00
8.00 9.00 13.00 -45.00 32.00 17.00 7.00 7.00
-5.00 -3.00 24.00 -18.00 26.00 -16.00 -2.00 -3.00
5.00 13.00 12.00 120.00 -31.00 -31.00 18.00 4.00
2.00 2.00 -89.00 -81.00 -55.00 -12.00 -24.00 -6.00
-10.00 -20.00 -37.00 -33.00 -81.00 53.00 5.00 -1.00
0.00 7.00 -24.00 109.00 4.00 -56.00 41.00 -8.00
1.00 2.00 -18.00 -32.00 -6.00 18.00 -30.00 1.00
-16.00 -22.00 -24.00 -53.00 -40.00 -39.00 -11.00 -17.00
3.00 -1.00 -1.00 -5.00 19.00 -6.00 14.00 2.00
-4.00 -9.00 25.00 -47.00 -58.00 -13.00 -6.00 -5.00
-5.00 -3.00 29.00 -19.00 -7.00 0.00 3.00 -1.00
-8.00 -2.00 0.00 -32.00 -5.00 -4.00 1.00 -1.00
-1.00 0.00 4.00 13.00 -5.00 -3.00 -3.00 -6.00
-8.00 -3.00 -4.00 -29.00 -12.00 -4.00 -1.00 1.00
-1.00 -2.00 3.00 -10.00 4.00 -4.00 -8.00 -1.00
-3.00 -7.00 -6.00 3.00 4.00 -5.00 -1.00 -2.00
-1.00 -2.00 -5.00 31.00 -4.00 -2.00 -1.00 0.00
0.00 -1.00 2.00 -5.00 -3.00 -1.00 2.00 0.00
1.00 -1.00 -2.00 -9.00 8.00 2.00 2.00 2.00
0.00 2.00 -5.00 -13.00 6.00 -1.00 -7.00 -2.00
0.00 -1.00 -2.00 -37.00 -5.00 1.00 3.00 1.00
1.00 0.00 2.00 4.00 5.00 -2.00 -3.00 -2.00
-1.00 0.00 -2.00 -4.00 3.00 -1.00 -3.00 -3.00
-2.00 -1.00 1.00 41.00 4.00 -2.00 -5.00 -1.00
0.00 -1.00 -2.00 1.00 5.00 2.00 3.00 1.00
-1.00 0.00 0.00 -8.00 2.00 1.00 0.00 -2.00
-2.00 -1.00 -2.00 -23.00 -4.00 0.00 -1.00 -2.00
1.00 -1.00 -4.00 -26.00 -2.00 -1.00 -4.00 -1.00
