1.00 -1.00 0.00 0.00 1.00 -1.00 0.00 0.00
-1.00 -1.00 -2.00 -13.00 -10.00 0.00 1.00 -1.00
0.00 1.00 -1.00 1.00 2.00 0.00 0.00 -1.00
0.00 -1.00 -2.00 2.00 2.00 -2.00 -5.00 -2.00
-3.00 -2.00 -5.00 12.00 0.00 -3.00 -3.00 -2.00
0.00 0.00 -2.00 -14.00 -6.00 -1.00 -1.00 0.00
-4.00 1.00 -3.00 -23.00 -4.00 3.00 1.00 2.00
-12.00 -15.00 -19.00 108.00 25.00 -17.00 -10.00 -8.00
-4.00 3.00 25.00 58.00 32.00 8.00 3.00 1.00
-11.00 -23.00 -30.00 -103.00 3.00 -44.00 -28.00 -15.00
28.00 37.00 -29.00 13.00 -47.00 61.00 42.00 30.00
-6.00 -14.00 -45.00 -63.00 83.00 44.00 4.00 1.00
-17.00 -20.00 12.00 45.00 -26.00 -46.00 -20.00 -17.00
-10.00 5.00 -43.00 -99.00 -26.00 -3.00 13.00 5.00
-20.00 -45.00 0.00 94.00 17.00 -35.00 -33.00 -18.00
10.00 40.00 18.00 -22.00 25.00 20.00 10.00 13.00
-6.00 -26.00 -105.00 -82.00 -114.00 1.00 6.00 0.00
-1.00 -10.00 -36.00 52.00 99.00 4.00 -11.00 -1.00
12.00 44.00 113.00 -75.00 -6.00 14.00 12.00 8.00
-14.00 -7.00 23.00 -48.00 -48.00 -7.00 1.00 -2.00
-37.00 -17.00 -18.00 -25.00 -13.00 1.00 3.00 4.00
29.00 -1.00 -2.00 41.00 0.00 4.00 -2.00 31.00
14.00 12.00 -7.00 -6.00 -1.00 -3.00 -43.00 -24.00
28.00 16.00 -1.00 2.00 3.00 1.00 -71.00 -72.00
3.00 2.00 4.00 34.00 11.00 2.00 17.00 -21.00
1.00 3.00 -1.00 -48.00 -16.00 7.00 23.00 28.00
-2.00 -3.00 -7.00 -17.00 -10.00 -5.00 -10.00 1.00
1.00 -1.00 3.00 7.00 -4.00 -4.00 -11.00 -4.00
0.00 -1.00 1.00 33.00 7.00 0.00 1.00 -4.00
-2.00 -3.00 -2.00 29.00 -3.00 -3.00 1.00 4.00
2.00 1.00 3.00 -4.00 6.00 4.00 -1.00 8.00
-1.00 -2.00 -1.00 -1.00 1.00 -2.00 -2.00 -9.00
-1.00 -1.00 0.00 55.00 3.00 0.00 1.00 0.00
1.00 -1.00 0.00 -10.00 -1.00 2.00 2.00 5.00
-1.00 -2.00 3.00 3.00 -4.00 -1.00 -1.00 -1.00
-1.00 -1.00 2.00 -3.00 3.00 4.00 -7.00 -5.00
