1.00 0.00 2.00 3.00 1.00 3.00 14.00 7.00
0.00 -1.00 0.00 5.00 0.00 4.00 -7.00 -13.00
-2.00 -2.00 1.00 -2.00 -3.00 -6.00 -7.00 -12.00
-1.00 -2.00 -3.00 -3.00 -3.00 -1.00 5.00 1.00
-1.00 -1.00 3.00 0.00 -5.00 -4.00 -12.00 -16.00
0.00 -1.00 -1.00 0.00 1.00 5.00 14.00 0.00
0.00 -1.00 0.00 4.00 0.00 -1.00 7.00 10.00
-2.00 -2.00 0.00 -2.00 -3.00 -2.00 -13.00 -3.00
10.00 1.00 -2.00 1.00 -3.00 -4.00 -22.00 19.00
19.00 7.00 0.00 1.00 1.00 1.00 13.00 -4.00
-3.00 -25.00 -2.00 0.00 -2.00 -5.00 -13.00 -32.00
-76.00 -20.00 -3.00 -4.00 -2.00 -1.00 17.00 1.00
-28.00 -5.00 -1.00 3.00 11.00 8.00 21.00 -32.00
62.00 4.00 0.00 -9.00 -8.00 -17.00 -84.00 -1.00
-48.00 -59.00 0.00 -15.00 -3.00 -6.00 18.00 -7.00
7.00 30.00 -4.00 -16.00 7.00 8.00 -36.00 -2.00
-55.00 31.00 9.00 25.00 4.00 3.00 23.00 2.00
75.00 1.00 -1.00 17.00 -10.00 -4.00 -4.00 122.00
-5.00 -7.00 -7.00 -78.00 -2.00 2.00 40.00 -20.00
123.00 32.00 -1.00 17.00 -13.00 -4.00 30.00 28.00
-26.00 -8.00 -7.00 -16.00 -1.00 -2.00 -12.00 -5.00
-10.00 -4.00 0.00 22.00 -28.00 4.00 9.00 -6.00
-3.00 2.00 9.00 42.00 13.00 2.00 -4.00 -2.00
0.00 1.00 4.00 13.00 10.00 3.00 3.00 -3.00
-5.00 1.00 2.00 -11.00 0.00 2.00 -3.00 -6.00
-3.00 -1.00 -3.00 14.00 5.00 2.00 -9.00 -4.00
0.00 -2.00 -2.00 -12.00 -1.00 -3.00 2.00 6.00
-7.00 -3.00 -3.00 6.00 -16.00 2.00 12.00 0.00
-3.00 -1.00 -2.00 -2.00 1.00 0.00 -1.00 -6.00
-1.00 -1.00 1.00 3.00 2.00 4.00 7.00 2.00
0.00 2.00 3.00 -2.00 1.00 2.00 -4.00 -3.00
