1.00 1.00 1.00 5.00 2.00 3.00 1.00 0.00
-1.00 -2.00 -3.00 -7.00 3.00 3.00 3.00 1.00
0.00 -2.00 -5.00 -10.00 4.00 0.00 0.00 -1.00
0.00 0.00 -4.00 -1.00 -4.00 2.00 -2.00 0.00
-3.00 -1.00 -1.00 9.00 -6.00 -2.00 -1.00 -1.00
-2.00 -3.00 -4.00 6.00 0.00 2.00 0.00 0.00
-1.00 0.00 -2.00 -3.00 0.00 2.00 1.00 -1.00
0.00 1.00 0.00 -9.00 -10.00 1.00 -1.00 -1.00
-2.00 -2.00 -4.00 0.00 28.00 -2.00 -1.00 -2.00
-5.00 -7.00 2.00 38.00 -9.00 -11.00 -5.00 -5.00
4.00 -2.00 -20.00 47.00 -68.00 1.00 4.00 8.00
6.00 6.00 25.00 -19.00 45.00 12.00 0.00 3.00
13.00 15.00 22.00 93.00 57.00 100.00 34.00 18.00
-6.00 2.00 51.00 78.00 -51.00 -82.00 -6.00 -5.00
-15.00 -15.00 -28.00 13.00 86.00 -44.00 -18.00 -14.00
-4.00 -5.00 -24.00 43.00 55.00 9.00 -10.00 -8.00
-12.00 -20.00 -27.00 -22.00 -39.00 -21.00 -18.00 -11.00
-12.00 -4.00 -4.00 -87.00 -7.00 -11.00 -9.00 49.00
-33.00 0.00 3.00 9.00 3.00 6.00 -49.00 67.00
-29.00 -6.00 2.00 -33.00 -10.00 1.00 -10.00 -6.00
-17.00 -6.00 -7.00 -24.00 5.00 -1.00 -8.00 -16.00
-5.00 0.00 2.00 -9.00 -4.00 -1.00 -7.00 -18.00
7.00 -2.00 0.00 13.00 6.00 -3.00 -23.00 -10.00
-6.00 -5.00 -5.00 44.00 -24.00 -6.00 -3.00 -13.00
0.00 -1.00 -7.00 -14.00 3.00 2.00 -12.00 -2.00
-1.00 -1.00 -4.00 0.00 1.00 -2.00 -4.00 -8.00
2.00 2.00 0.00 -4.00 0.00 2.00 0.00 3.00
-11.00 0.00 -1.00 -4.00 -4.00 -4.00 -4.00 -3.00
-5.00 0.00 2.00 -2.00 -1.00 -1.00 -3.00 2.00
-7.00 -1.00 0.00 11.00 2.00 0.00 -1.00 -6.00
-1.00 -2.00 3.00 -1.00 2.00 -1.00 0.00 -2.00
-3.00 -1.00 -3.00 -4.00 -7.00 -5.00 -2.00 -4.00
-1.00 -2.00 -2.00 -1.00 -3.00 -3.00 -1.00 -4.00
-2.00 0.00 -1.00 -10.00 -4.00 -1.00 -3.00 1.00
1.00 1.00 -2.00 -18.00 2.00 -3.00 -5.00 -1.00
-3.00 -2.00 -1.00 -8.00 2.00 1.00 -2.00 -1.00
