1.00 1.00 -1.00 -6.00 -4.00 3.00 2.00 2.00
0.00 0.00 -4.00 0.00 -2.00 -2.00 -5.00 -4.00
0.00 1.00 -1.00 10.00 1.00 -1.00 0.00 -1.00
-1.00 0.00 -1.00 19.00 4.00 -2.00 -1.00 -2.00
0.00 -1.00 1.00 7.00 2.00 0.00 0.00 0.00
2.00 0.00 -1.00 -6.00 -1.00 -1.00 -2.00 -1.00
0.00 -1.00 -1.00 10.00 -1.00 -1.00 -2.00 -1.00
-2.00 -2.00 -6.00 -5.00 -3.00 5.00 3.00 1.00
-2.00 -1.00 1.00 2.00 0.00 1.00 -1.00 -1.00
0.00 1.00 3.00 -2.00 -4.00 1.00 1.00 1.00
3.00 1.00 3.00 -53.00 1.00 7.00 2.00 3.00
1.00 4.00 9.00 54.00 1.00 5.00 4.00 1.00
2.00 7.00 29.00 91.00 90.00 18.00 9.00 7.00
19.00 11.00 59.00 -61.00 -3.00 100.00 3.00 9.00
-7.00 -7.00 7.00 -54.00 20.00 -28.00 1.00 -7.00
9.00 15.00 -77.00 -118.00 -19.00 -38.00 4.00 1.00
1.00 -3.00 -75.00 -51.00 -120.00 -20.00 -1.00 3.00
-1.00 -5.00 8.00 73.00 22.00 23.00 8.00 0.00
-7.00 -7.00 -28.00 -1.00 29.00 -3.00 0.00 -5.00
-2.00 -4.00 -23.00 -11.00 13.00 21.00 6.00 5.00
-13.00 7.00 5.00 21.00 8.00 8.00 5.00 3.00
-35.00 -2.00 -1.00 7.00 -1.00 5.00 71.00 50.00
-21.00 -5.00 -2.00 5.00 0.00 -4.00 17.00 -2.00
-11.00 4.00 3.00 1.00 -3.00 -2.00 -39.00 -14.00
-21.00 -6.00 -11.00 -25.00 -25.00 -6.00 2.00 -19.00
-6.00 -3.00 -4.00 4.00 -5.00 -2.00 11.00 3.00
1.00 -1.00 -1.00 3.00 2.00 2.00 23.00 13.00
3.00 -1.00 5.00 -4.00 -1.00 1.00 5.00 -3.00
-1.00 0.00 -4.00 -20.00 -9.00 -5.00 3.00 7.00
0.00 -1.00 -3.00 10.00 -7.00 -1.00 5.00 -4.00
-2.00 1.00 4.00 -2.00 5.00 1.00 -3.00 -7.00
0.00 -1.00 -4.00 -5.00 0.00 -2.00 0.00 -3.00
-1.00 1.00 6.00 19.00 4.00 -1.00 -1.00 -5.00
-3.00 -1.00 -2.00 8.00 1.00 -1.00 4.00 3.00
0.00 -1.00 -1.00 -10.00 -1.00 -2.00 -11.00 0.00
3.00 0.00 0.00 3.00 2.00 -1.00 1.00 -1.00
-2.00 -1.00 -2.00 12.00 -6.00 1.00 -1.00 -3.00
-2.00 0.00 -1.00 12.00 3.00 2.00 0.00 1.00
-2.00 -2.00 1.00 -2.00 0.00 0.00 -1.00 -2.00
-3.00 -1.00 -2.00 -5.00 -3.00 -2.00 2.00 0.00
1.00 1.00 1.00 4.00 1.00 -1.00 -3.00 -3.00
