-3.00 -3.00 1.00 -1.00 -3.00 -4.00 -3.00 -9.00
-1.00 0.00 -2.00 11.00 -14.00 -6.00 -8.00 1.00
0.00 -2.00 -2.00 -5.00 1.00 2.00 -4.00 0.00
-2.00 2.00 7.00 7.00 -6.00 -3.00 1.00 1.00
-1.00 -1.00 1.00 -11.00 1.00 2.00 1.00 3.00
1.00 1.00 0.00 -14.00 -5.00 -4.00 17.00 3.00
-3.00 -3.00 -4.00 15.00 -5.00 -5.00 -3.00 5.00
70.00 20.00 4.00 3.00 15.00 14.00 52.00 16.00
33.00 34.00 40.00 11.00 21.00 58.00 55.00 42.00
68.00 22.00 9.00 -4.00 -4.00 -37.00 -128.00 80.00
47.00 40.00 -16.00 69.00 -17.00 -66.00 -128.00 -55.00
-128.00 -72.00 -11.00 85.00 9.00 101.00 -47.00 -128.00
28.00 -41.00 16.00 8.00 -30.00 -31.00 -8.00 127.00
-20.00 20.00 13.00 -44.00 36.00 16.00 12.00 14.00
-16.00 -1.00 -55.00 -103.00 -86.00 11.00 30.00 25.00
-8.00 0.00 -6.00 -96.00 21.00 8.00 -22.00 2.00
-18.00 -19.00 -30.00 78.00 -14.00 -6.00 4.00 -5.00
-6.00 -3.00 2.00 -2.00 -1.00 0.00 -4.00 3.00
-6.00 -3.00 -8.00 -45.00 -2.00 0.00 -3.00 -5.00
-2.00 2.00 -1.00 -9.00 4.00 14.00 13.00 1.00
-1.00 0.00 1.00 25.00 -7.00 -10.00 -3.00 -1.00
-1.00 -1.00 2.00 -8.00 6.00 -1.00 -13.00 0.00
-2.00 -4.00 -2.00 24.00 2.00 4.00 8.00 10.00
3.00 0.00 2.00 10.00 7.00 -9.00 0.00 0.00
0.00 3.00 -10.00 -34.00 -7.00 5.00 20.00 8.00
1.00 -2.00 4.00 23.00 -11.00 -2.00 0.00 -1.00
0.00 -1.00 3.00 -2.00 -1.00 0.00 -2.00 -4.00
-1.00 -2.00 -4.00 1.00 13.00 8.00 0.00 -7.00
0.00 0.00 -1.00 4.00 1.00 4.00 15.00 -5.00
1.00 0.00 5.00 25.00 7.00 5.00 0.00 -2.00
-1.00 -2.00 4.00 17.00 -6.00 -1.00 -5.00 -1.00
