1.00 -4.00 -6.00 -6.00 -14.00 -7.00 14.00 2.00
1.00 -1.00 3.00 -7.00 -4.00 -1.00 -4.00 -7.00
0.00 0.00 -4.00 -10.00 -5.00 0.00 -5.00 0.00
-1.00 -3.00 1.00 12.00 5.00 -4.00 -5.00 -10.00
-1.00 -2.00 -3.00 0.00 -2.00 -1.00 3.00 2.00
-3.00 -6.00 -11.00 -6.00 0.00 -1.00 -2.00 -6.00
-2.00 1.00 4.00 -1.00 -2.00 0.00 -8.00 0.00
2.00 0.00 1.00 1.00 2.00 3.00 -3.00 -2.00
0.00 0.00 1.00 7.00 -18.00 -2.00 -1.00 6.00
0.00 -2.00 -3.00 -8.00 10.00 4.00 1.00 4.00
-1.00 -1.00 1.00 5.00 -3.00 -1.00 -9.00 -36.00
5.00 1.00 -2.00 -10.00 14.00 3.00 17.00 4.00
47.00 7.00 7.00 10.00 5.00 6.00 26.00 -3.00
-67.00 19.00 11.00 3.00 5.00 -4.00 -122.00 -38.00
39.00 20.00 14.00 19.00 16.00 28.00 115.00 1.00
-10.00 24.00 -1.00 8.00 11.00 20.00 87.00 48.00
55.00 72.00 9.00 -5.00 -8.00 -14.00 -73.00 53.00
-8.00 29.00 -9.00 -6.00 4.00 6.00 23.00 7.00
24.00 -14.00 -5.00 9.00 1.00 -12.00 -41.00 28.00
3.00 -11.00 0.00 -38.00 -4.00 -3.00 -6.00 19.00
4.00 -4.00 -4.00 -28.00 -55.00 1.00 -14.00 -3.00
1.00 -4.00 -1.00 -35.00 28.00 -2.00 -3.00 6.00
0.00 2.00 6.00 62.00 5.00 0.00 15.00 7.00
-5.00 -8.00 -16.00 38.00 -3.00 -2.00 -7.00 -6.00
-1.00 -2.00 -7.00 -24.00 -7.00 -5.00 -15.00 -8.00
-1.00 -1.00 2.00 39.00 6.00 5.00 4.00 1.00
0.00 2.00 -4.00 -33.00 -5.00 -2.00 4.00 -7.00
-5.00 -3.00 8.00 -21.00 1.00 -2.00 0.00 -15.00
0.00 -1.00 -3.00 11.00 6.00 6.00 5.00 -4.00
0.00 0.00 -1.00 -1.00 -2.00 -3.00 -11.00 -4.00
2.00 3.00 1.00 4.00 6.00 5.00 3.00 -8.00
-3.00 -6.00 0.00 -4.00 0.00 0.00 -17.00 -33.00
-1.00 -2.00 -2.00 4.00 1.00 -1.00 1.00 -6.00
-1.00 3.00 0.00 4.00 9.00 3.00 -3.00 -5.00
1.00 2.00 4.00 0.00 -3.00 -2.00 4.00 15.00
-4.00 -1.00 2.00 37.00 -15.00 -9.00 4.00 -1.00
0.00 3.00 3.00 3.00 -8.00 -2.00 3.00 0.00
-2.00 0.00 4.00 20.00 -7.00 -3.00 0.00 -4.00
1.00 4.00 1.00 -8.00 2.00 -1.00 -3.00 -10.00
-4.00 -1.00 4.00 -7.00 -5.00 -2.00 25.00 -10.00
-1.00 -1.00 -3.00 -24.00 -8.00 -1.00 -3.00 -2.00
0.00 0.00 -4.00 5.00 7.00 1.00 -12.00 2.00
1.00 -2.00 -1.00 -7.00 5.00 2.00 -4.00 5.00
-1.00 -1.00 -3.00 -16.00 -8.00 3.00 -3.00 5.00
0.00 -1.00 -4.00 -8.00 -11.00 -4.00 -3.00 1.00
0.00 1.00 3.00 6.00 10.00 4.00 -1.00 -1.00
-1.00 0.00 -1.00 5.00 -21.00 0.00 30.00 2.00
0.00 2.00 0.00 -4.00 0.00 0.00 -2.00 -3.00
-1.00 0.00 -2.00 -4.00 1.00 1.00 -1.00 -6.00
-2.00 0.00 0.00 14.00 3.00 -7.00 -12.00 -13.00
0.00 -4.00 -4.00 -13.00 -3.00 3.00 5.00 -6.00
