-1.00 1.00 1.00 9.00 6.00 -3.00 -2.00 -2.00
-2.00 -2.00 -4.00 -1.00 1.00 1.00 -1.00 -3.00
1.00 -2.00 0.00 11.00 0.00 -1.00 -1.00 -1.00
0.00 1.00 2.00 12.00 1.00 1.00 -2.00 0.00
-2.00 -1.00 -2.00 -1.00 0.00 1.00 0.00 -1.00
1.00 -2.00 -1.00 -10.00 -2.00 0.00 0.00 -2.00
0.00 0.00 -5.00 -9.00 -1.00 2.00 1.00 0.00
0.00 -1.00 -2.00 -28.00 -8.00 0.00 1.00 2.00
-11.00 -1.00 2.00 1.00 0.00 0.00 3.00 -5.00
-2.00 7.00 5.00 6.00 7.00 2.00 -27.00 50.00
-2.00 14.00 -16.00 -8.00 -5.00 11.00 74.00 -93.00
42.00 43.00 31.00 18.00 17.00 5.00 -37.00 39.00
-73.00 -39.00 -5.00 2.00 -5.00 -1.00 11.00 -72.00
24.00 -55.00 -14.00 -6.00 -4.00 -34.00 -128.00 99.00
56.00 -31.00 10.00 8.00 10.00 18.00 64.00 -17.00
-27.00 -14.00 -10.00 -6.00 -4.00 -3.00 -27.00 -32.00
41.00 30.00 -12.00 -10.00 -4.00 -5.00 -19.00 1.00
-12.00 5.00 4.00 3.00 -3.00 -1.00 25.00 14.00
15.00 11.00 24.00 46.00 7.00 4.00 4.00 5.00
15.00 1.00 0.00 -11.00 -12.00 -4.00 -3.00 -1.00
11.00 -7.00 -2.00 -47.00 14.00 5.00 -3.00 7.00
15.00 5.00 2.00 19.00 1.00 -2.00 -5.00 36.00
-6.00 -1.00 -3.00 36.00 -3.00 -1.00 -12.00 -6.00
-8.00 -1.00 -1.00 23.00 -8.00 -3.00 -2.00 -5.00
1.00 -4.00 -4.00 -69.00 -1.00 -2.00 -3.00 -4.00
-3.00 -2.00 0.00 17.00 4.00 1.00 -4.00 -2.00
1.00 3.00 3.00 34.00 8.00 4.00 -1.00 2.00
1.00 2.00 2.00 29.00 0.00 0.00 2.00 -4.00
-1.00 -2.00 -1.00 19.00 -7.00 -5.00 -1.00 1.00
-2.00 -2.00 -2.00 -10.00 0.00 -4.00 -2.00 -3.00
-1.00 -1.00 2.00 3.00 2.00 5.00 11.00 0.00
2.00 2.00 0.00 -10.00 2.00 1.00 0.00 4.00
0.00 -2.00 -5.00 -5.00 4.00 0.00 2.00 -1.00
-2.00 -3.00 -4.00 9.00 1.00 -3.00 -1.00 -2.00
-2.00 -2.00 -3.00 -3.00 -1.00 0.00 -1.00 -13.00
1.00 2.00 5.00 -2.00 -2.00 -1.00 0.00 0.00
