0.00 -1.00 -4.00 -11.00 0.00 0.00 2.00 4.00
-3.00 -1.00 -1.00 -5.00 -1.00 0.00 4.00 -14.00
0.00 -1.00 1.00 3.00 -4.00 -2.00 -6.00 -4.00
-1.00 -1.00 2.00 3.00 -2.00 -1.00 0.00 2.00
-3.00 -2.00 -2.00 -6.00 2.00 0.00 -4.00 -15.00
-5.00 -2.00 -7.00 -2.00 2.00 0.00 2.00 4.00
-10.00 -7.00 -2.00 -1.00 -1.00 0.00 2.00 3.00
-5.00 -1.00 -3.00 -8.00 -4.00 1.00 3.00 -11.00
93.00 18.00 1.00 3.00 0.00 -1.00 12.00 -59.00
20.00 -13.00 -7.00 5.00 2.00 0.00 -9.00 31.00
-37.00 3.00 -2.00 0.00 -1.00 1.00 -2.00 27.00
65.00 36.00 -17.00 -12.00 -11.00 -8.00 56.00 68.00
15.00 -7.00 -7.00 -3.00 -2.00 -5.00 -77.00 -37.00
-88.00 -40.00 -2.00 1.00 -4.00 -6.00 -18.00 42.00
44.00 11.00 -4.00 -5.00 0.00 1.00 52.00 -40.00
54.00 38.00 -7.00 9.00 1.00 -3.00 14.00 16.00
-91.00 12.00 -8.00 3.00 -3.00 11.00 62.00 25.00
18.00 -6.00 -6.00 1.00 -3.00 -8.00 -42.00 -15.00
24.00 10.00 8.00 13.00 1.00 -3.00 -22.00 -11.00
6.00 4.00 6.00 -37.00 -15.00 -3.00 -5.00 -2.00
8.00 4.00 7.00 15.00 5.00 -10.00 -5.00 -1.00
0.00 3.00 0.00 -21.00 11.00 10.00 1.00 -2.00
-1.00 -1.00 -8.00 -42.00 -16.00 1.00 -3.00 -3.00
24.00 -1.00 -1.00 -6.00 8.00 5.00 12.00 -4.00
-4.00 -1.00 2.00 6.00 4.00 2.00 9.00 7.00
6.00 1.00 0.00 8.00 1.00 4.00 -7.00 -20.00
-1.00 -2.00 0.00 7.00 -1.00 -2.00 -7.00 -11.00
0.00 -2.00 -5.00 -13.00 0.00 -3.00 -1.00 2.00
-2.00 -1.00 -1.00 -8.00 -6.00 1.00 16.00 21.00
3.00 0.00 0.00 -10.00 6.00 -1.00 -5.00 0.00
0.00 -1.00 1.00 -2.00 1.00 0.00 4.00 1.00
0.00 -2.00 -8.00 -20.00 -4.00 -1.00 -3.00 -2.00
-2.00 -4.00 -5.00 7.00 -2.00 0.00 8.00 -7.00
1.00 0.00 2.00 5.00 -1.00 1.00 -2.00 2.00
-1.00 -1.00 -1.00 4.00 -1.00 -1.00 -9.00 -9.00
2.00 1.00 -5.00 -5.00 -5.00 -3.00 1.00 6.00
