-2.00 -2.00 -7.00 -14.00 -4.00 -1.00 -2.00 -1.00
-1.00 -1.00 -4.00 8.00 0.00 0.00 -1.00 -1.00
-2.00 -2.00 0.00 10.00 0.00 -3.00 1.00 -1.00
3.00 -2.00 -2.00 3.00 -5.00 0.00 5.00 13.00
-33.00 -16.00 2.00 -4.00 2.00 1.00 7.00 61.00
105.00 7.00 17.00 9.00 11.00 11.00 9.00 33.00
60.00 63.00 2.00 -2.00 4.00 11.00 68.00 11.00
-128.00 -35.00 35.00 23.00 20.00 30.00 93.00 -81.00
51.00 54.00 12.00 5.00 3.00 7.00 -13.00 -35.00
56.00 96.00 16.00 50.00 -9.00 -22.00 -110.00 26.00
21.00 23.00 -5.00 27.00 6.00 1.00 1.00 26.00
11.00 -69.00 11.00 63.00 9.00 27.00 127.00 -57.00
68.00 44.00 12.00 -27.00 1.00 -8.00 -90.00 -13.00
66.00 -15.00 -17.00 8.00 -11.00 -3.00 15.00 -13.00
-55.00 -12.00 -2.00 9.00 -18.00 -6.00 11.00 5.00
-13.00 -2.00 -15.00 -128.00 -15.00 3.00 9.00 4.00
-15.00 -4.00 -5.00 28.00 15.00 -9.00 -6.00 -1.00
-3.00 3.00 7.00 21.00 33.00 1.00 -1.00 1.00
-1.00 1.00 -3.00 -38.00 -6.00 -1.00 -2.00 1.00
-7.00 2.00 -1.00 24.00 -4.00 -3.00 -7.00 -15.00
-1.00 -3.00 3.00 6.00 -2.00 -9.00 -4.00 -3.00
-2.00 -2.00 -3.00 -8.00 1.00 -1.00 3.00 3.00
0.00 -1.00 7.00 35.00 -5.00 -4.00 -5.00 0.00
-1.00 2.00 2.00 -5.00 -1.00 2.00 -2.00 -15.00
-1.00 -2.00 -5.00 5.00 2.00 -1.00 3.00 5.00
-2.00 -1.00 0.00 0.00 0.00 0.00 4.00 4.00
