-1.00 -2.00 -1.00 8.00 -1.00 -11.00 -5.00 0.00
0.00 -1.00 1.00 -13.00 -3.00 -6.00 -1.00 -6.00
0.00 0.00 1.00 20.00 2.00 -2.00 -2.00 -4.00
-1.00 1.00 1.00 -14.00 1.00 -3.00 -8.00 -6.00
-1.00 1.00 1.00 3.00 3.00 -3.00 1.00 0.00
1.00 1.00 -2.00 -24.00 10.00 11.00 -1.00 2.00
-1.00 -2.00 -3.00 -12.00 -12.00 0.00 -3.00 1.00
3.00 2.00 7.00 51.00 17.00 7.00 1.00 -1.00
-3.00 -3.00 1.00 113.00 6.00 -2.00 -8.00 -7.00
-2.00 3.00 3.00 -46.00 2.00 5.00 1.00 0.00
2.00 -3.00 2.00 -105.00 -44.00 -1.00 -5.00 1.00
-5.00 -12.00 -12.00 127.00 -9.00 -22.00 -14.00 -11.00
0.00 -4.00 -12.00 -128.00 -100.00 11.00 7.00 8.00
-14.00 -2.00 29.00 -117.00 -29.00 -27.00 -11.00 -11.00
-16.00 -25.00 -71.00 95.00 33.00 10.00 -15.00 -14.00
-2.00 -6.00 -27.00 -61.00 -92.00 -25.00 -6.00 3.00
12.00 13.00 62.00 -17.00 26.00 22.00 -6.00 11.00
19.00 15.00 -39.00 -33.00 -10.00 -5.00 24.00 13.00
2.00 -3.00 47.00 46.00 -25.00 -11.00 33.00 0.00
13.00 16.00 83.00 20.00 -26.00 32.00 17.00 16.00
21.00 20.00 -9.00 -68.00 -80.00 30.00 28.00 19.00
14.00 13.00 113.00 -59.00 -2.00 -21.00 -13.00 -9.00
4.00 7.00 -64.00 -97.00 64.00 29.00 19.00 8.00
-9.00 -6.00 -23.00 97.00 127.00 -19.00 -17.00 -4.00
-20.00 -25.00 -54.00 -101.00 -56.00 -37.00 -32.00 -14.00
-18.00 -35.00 -98.00 -25.00 -128.00 -48.00 -24.00 -17.00
-26.00 -33.00 35.00 -81.00 -35.00 -27.00 -19.00 -21.00
7.00 9.00 -35.00 74.00 -45.00 7.00 4.00 3.00
4.00 10.00 13.00 81.00 50.00 16.00 11.00 5.00
2.00 -1.00 54.00 53.00 -69.00 -27.00 -15.00 -10.00
-4.00 -3.00 43.00 4.00 -52.00 -15.00 -1.00 -2.00
10.00 13.00 36.00 -66.00 -50.00 13.00 3.00 9.00
0.00 4.00 21.00 59.00 51.00 9.00 -5.00 -1.00
-11.00 -16.00 -31.00 28.00 -24.00 -26.00 -12.00 -10.00
-5.00 5.00 52.00 -5.00 -68.00 -18.00 -9.00 -11.00
-3.00 -9.00 -22.00 -15.00 -46.00 -10.00 -1.00 -1.00
7.00 11.00 11.00 -39.00 20.00 11.00 9.00 3.00
8.00 8.00 -12.00 -99.00 11.00 10.00 11.00 6.00
-3.00 -5.00 -14.00 41.00 -1.00 -1.00 1.00 0.00
0.00 -1.00 2.00 -6.00 4.00 -10.00 -19.00 -2.00
-3.00 -4.00 6.00 1.00 -6.00 -4.00 -3.00 -23.00
2.00 -3.00 -50.00 6.00 5.00 3.00 -8.00 17.00
0.00 1.00 32.00 -4.00 3.00 -1.00 -23.00 2.00
-5.00 -6.00 -15.00 -37.00 -15.00 -10.00 -18.00 -28.00
-2.00 -1.00 -5.00 10.00 -2.00 0.00 -1.00 -5.00
0.00 0.00 5.00 27.00 0.00 -2.00 3.00 13.00
-4.00 -3.00 0.00 4.00 -6.00 -7.00 -4.00 1.00
-2.00 0.00 -1.00 17.00 2.00 1.00 -2.00 -1.00
1.00 0.00 2.00 3.00 1.00 3.00 17.00 -11.00
-1.00 -1.00 -1.00 -2.00 3.00 -1.00 -4.00 1.00
-1.00 -2.00 -4.00 -23.00 -12.00 -8.00 -9.00 -6.00
-2.00 -1.00 2.00 20.00 0.00 -10.00 8.00 -2.00
-3.00 0.00 3.00 1.00 -2.00 -4.00 -4.00 0.00
-2.00 -2.00 -4.00 -7.00 2.00 0.00 -7.00 -1.00
-3.00 1.00 -1.00 3.00 1.00 -2.00 -7.00 -20.00
-1.00 -1.00 1.00 0.00 2.00 1.00 -3.00 0.00
-3.00 0.00 -1.00 1.00 0.00 -1.00 -7.00 -8.00
-2.00 0.00 -1.00 7.00 -4.00 -2.00 -3.00 1.00
-1.00 1.00 0.00 -12.00 0.00 0.00 -8.00 -3.00
-1.00 -3.00 -18.00 -89.00 -15.00 -7.00 -4.00 3.00
0.00 -2.00 2.00 29.00 2.00 4.00 -3.00 -7.00
