1.00 2.00 2.00 -1.00 1.00 0.00 1.00 1.00
-1.00 1.00 2.00 2.00 2.00 2.00 1.00 0.00
-1.00 -2.00 -6.00 -5.00 1.00 1.00 -1.00 0.00
0.00 -3.00 -1.00 3.00 -1.00 -2.00 -1.00 0.00
1.00 0.00 -1.00 -1.00 0.00 -1.00 -2.00 -1.00
0.00 -1.00 -2.00 -14.00 -5.00 0.00 -1.00 -2.00
7.00 -5.00 -3.00 -5.00 -1.00 0.00 -1.00 -3.00
9.00 16.00 0.00 3.00 -2.00 -7.00 -14.00 -57.00
75.00 -8.00 -7.00 -2.00 1.00 -1.00 -9.00 -10.00
-25.00 -21.00 -5.00 -2.00 0.00 -2.00 -26.00 -22.00
-2.00 13.00 -2.00 -2.00 -2.00 -3.00 -36.00 65.00
35.00 -7.00 4.00 0.00 -3.00 -4.00 -82.00 -62.00
-44.00 -14.00 3.00 3.00 1.00 4.00 34.00 31.00
-117.00 -36.00 -9.00 -12.00 -7.00 2.00 56.00 10.00
3.00 -25.00 -20.00 -26.00 -21.00 -13.00 -95.00 0.00
49.00 27.00 20.00 12.00 13.00 4.00 35.00 8.00
24.00 -4.00 11.00 -1.00 -6.00 -15.00 -121.00 67.00
-6.00 -23.00 4.00 -1.00 0.00 0.00 -3.00 -72.00
8.00 -12.00 -1.00 -1.00 -4.00 -5.00 6.00 5.00
-6.00 2.00 -3.00 1.00 -5.00 -3.00 -16.00 3.00
-1.00 0.00 -6.00 14.00 -8.00 -5.00 -16.00 -1.00
0.00 -2.00 -1.00 6.00 71.00 1.00 -2.00 0.00
1.00 1.00 -4.00 -25.00 17.00 1.00 3.00 1.00
-3.00 -4.00 -8.00 -17.00 -11.00 -3.00 -1.00 -2.00
0.00 -3.00 -2.00 -23.00 -3.00 0.00 -2.00 -2.00
1.00 0.00 1.00 4.00 6.00 2.00 6.00 15.00
1.00 2.00 4.00 4.00 -6.00 4.00 -1.00 -3.00
2.00 0.00 1.00 -2.00 4.00 2.00 3.00 4.00
0.00 -1.00 -2.00 -5.00 -12.00 0.00 -2.00 0.00
1.00 -1.00 -2.00 2.00 -7.00 -4.00 -2.00 -1.00
-1.00 -3.00 -3.00 -11.00 2.00 0.00 1.00 0.00
