2.00 4.00 6.00 15.00 2.00 0.00 0.00 3.00
0.00 -2.00 0.00 -12.00 -9.00 -3.00 0.00 7.00
-1.00 -2.00 -1.00 3.00 1.00 -3.00 5.00 -1.00
-1.00 -1.00 2.00 -11.00 -7.00 0.00 -9.00 -21.00
-2.00 1.00 4.00 4.00 -1.00 0.00 -3.00 -2.00
5.00 5.00 1.00 -8.00 0.00 0.00 -10.00 -4.00
3.00 2.00 0.00 -1.00 2.00 3.00 20.00 -5.00
4.00 4.00 1.00 11.00 -1.00 -4.00 4.00 27.00
-3.00 -1.00 -2.00 -8.00 -3.00 2.00 6.00 44.00
3.00 -13.00 -5.00 5.00 -4.00 0.00 4.00 60.00
-7.00 1.00 1.00 -2.00 5.00 8.00 15.00 -27.00
-29.00 12.00 9.00 -4.00 3.00 0.00 -51.00 1.00
68.00 -6.00 -2.00 27.00 4.00 3.00 21.00 -20.00
-98.00 0.00 -3.00 -4.00 1.00 20.00 64.00 -67.00
61.00 -100.00 -13.00 -3.00 2.00 4.00 2.00 -75.00
-77.00 26.00 23.00 83.00 15.00 0.00 -79.00 31.00
39.00 19.00 -11.00 -25.00 6.00 21.00 97.00 -73.00
-47.00 -72.00 -24.00 -30.00 -14.00 2.00 9.00 -6.00
-105.00 1.00 -7.00 -35.00 -15.00 13.00 96.00 15.00
55.00 23.00 4.00 34.00 2.00 0.00 -8.00 54.00
26.00 68.00 7.00 5.00 -4.00 3.00 29.00 91.00
98.00 -6.00 -2.00 -47.00 -1.00 -14.00 -47.00 55.00
-63.00 23.00 1.00 14.00 12.00 18.00 -49.00 -107.00
-69.00 54.00 -16.00 -58.00 -13.00 1.00 88.00 -50.00
-55.00 -53.00 -4.00 -23.00 -5.00 4.00 29.00 -96.00
127.00 50.00 21.00 18.00 4.00 4.00 16.00 82.00
21.00 33.00 -1.00 -14.00 7.00 6.00 19.00 -14.00
11.00 20.00 1.00 22.00 0.00 -9.00 0.00 41.00
54.00 -40.00 -13.00 61.00 -8.00 1.00 51.00 1.00
-11.00 31.00 -7.00 3.00 -3.00 4.00 60.00 9.00
55.00 10.00 3.00 -8.00 4.00 3.00 -15.00 -36.00
1.00 23.00 -4.00 27.00 -7.00 -6.00 -4.00 40.00
82.00 7.00 4.00 8.00 2.00 -2.00 -25.00 -24.00
0.00 -1.00 8.00 -11.00 -1.00 6.00 20.00 -22.00
-36.00 27.00 1.00 22.00 6.00 11.00 21.00 -48.00
-49.00 -10.00 20.00 51.00 0.00 4.00 54.00 -10.00
16.00 -10.00 -11.00 -26.00 2.00 -4.00 -34.00 28.00
-3.00 -1.00 2.00 26.00 -8.00 1.00 3.00 19.00
-10.00 1.00 6.00 24.00 17.00 -1.00 5.00 11.00
-3.00 -5.00 20.00 112.00 -12.00 -12.00 -8.00 -7.00
6.00 -1.00 9.00 75.00 30.00 7.00 8.00 5.00
-3.00 -3.00 -13.00 -100.00 -9.00 -4.00 -1.00 2.00
-2.00 -2.00 9.00 -3.00 -12.00 3.00 7.00 8.00
-1.00 -3.00 -13.00 -33.00 -16.00 -1.00 -3.00 -2.00
-2.00 1.00 6.00 43.00 6.00 -5.00 -14.00 -3.00
0.00 0.00 -3.00 10.00 0.00 -2.00 4.00 1.00
3.00 0.00 0.00 -44.00 -12.00 -1.00 1.00 9.00
1.00 0.00 -5.00 -59.00 -3.00 5.00 6.00 -9.00
2.00 -1.00 -7.00 -24.00 0.00 -1.00 0.00 1.00
-2.00 1.00 0.00 6.00 -3.00 -1.00 -8.00 5.00
2.00 0.00 -2.00 13.00 -2.00 -2.00 -1.00 14.00
4.00 2.00 -5.00 -20.00 0.00 2.00 10.00 5.00
2.00 0.00 4.00 9.00 4.00 2.00 3.00 2.00
-1.00 0.00 -2.00 -6.00 -4.00 -3.00 0.00 2.00
2.00 -3.00 -5.00 -16.00 0.00 2.00 14.00 7.00
0.00 0.00 -2.00 -13.00 -5.00 -1.00 -10.00 2.00
-1.00 0.00 1.00 18.00 0.00 0.00 2.00 8.00
2.00 -4.00 -2.00 1.00 -4.00 -5.00 -10.00 1.00
-6.00 -5.00 0.00 -1.00 1.00 5.00 1.00 -6.00
-5.00 -3.00 -3.00 6.00 -6.00 -6.00 -2.00 -4.00
0.00 -1.00 -2.00 -8.00 1.00 -1.00 -4.00 1.00
