-1.00 -1.00 -5.00 -1.00 -1.00 -3.00 1.00 2.00
4.00 2.00 1.00 3.00 1.00 3.00 0.00 -1.00
-2.00 0.00 -3.00 1.00 0.00 0.00 1.00 6.00
2.00 0.00 1.00 -6.00 -5.00 -6.00 -6.00 -2.00
-2.00 -4.00 -6.00 -14.00 -11.00 -3.00 -5.00 -8.00
1.00 9.00 3.00 3.00 -6.00 -1.00 -14.00 12.00
6.00 -4.00 -20.00 -12.00 -12.00 -13.00 -36.00 -48.00
21.00 -6.00 -4.00 -2.00 4.00 25.00 77.00 6.00
-38.00 -86.00 -29.00 -7.00 -7.00 -4.00 101.00 73.00
100.00 -2.00 -2.00 -15.00 -16.00 -26.00 -121.00 -43.00
59.00 32.00 -9.00 23.00 9.00 5.00 20.00 -127.00
-38.00 -66.00 11.00 1.00 4.00 0.00 -52.00 -44.00
-6.00 -4.00 -23.00 -16.00 -5.00 0.00 19.00 38.00
-13.00 1.00 6.00 37.00 51.00 25.00 16.00 -24.00
-10.00 -7.00 7.00 55.00 -9.00 -4.00 1.00 -15.00
-3.00 -4.00 -17.00 -65.00 -28.00 -3.00 2.00 1.00
3.00 6.00 -11.00 -87.00 -2.00 5.00 13.00 12.00
-3.00 -4.00 -12.00 -9.00 5.00 2.00 -3.00 -1.00
2.00 2.00 8.00 -16.00 7.00 0.00 -5.00 -2.00
1.00 -3.00 2.00 12.00 8.00 5.00 2.00 -2.00
0.00 0.00 0.00 -15.00 -1.00 0.00 -2.00 -1.00
1.00 -1.00 -3.00 -22.00 -5.00 -2.00 -1.00 0.00
0.00 0.00 0.00 11.00 -10.00 -6.00 -4.00 0.00
0.00 0.00 1.00 15.00 -2.00 -3.00 -2.00 -1.00
-1.00 -1.00 0.00 0.00 8.00 2.00 1.00 -1.00
-2.00 0.00 1.00 3.00 -5.00 1.00 -2.00 0.00
0.00 -1.00 2.00 22.00 -5.00 -2.00 -3.00 -2.00
0.00 -2.00 -1.00 5.00 -7.00 -5.00 -2.00 -1.00
1.00 -1.00 -1.00 2.00 2.00 0.00 0.00 0.00
-1.00 -1.00 1.00 10.00 -4.00 -4.00 -2.00 -1.00
-3.00 -3.00 0.00 0.00 -1.00 -2.00 -1.00 -1.00
