-1.00 0.00 3.00 5.00 -1.00 1.00 3.00 1.00
-1.00 1.00 -1.00 -3.00 -6.00 -5.00 -1.00 -2.00
-1.00 -3.00 -4.00 -7.00 2.00 1.00 1.00 -2.00
1.00 -1.00 0.00 -4.00 -6.00 -2.00 -2.00 3.00
1.00 -1.00 -2.00 -4.00 -4.00 1.00 -3.00 3.00
-1.00 -1.00 1.00 13.00 2.00 2.00 -2.00 12.00
-1.00 -2.00 -4.00 -3.00 -25.00 0.00 0.00 -1.00
-1.00 1.00 0.00 6.00 4.00 -4.00 0.00 3.00
0.00 -3.00 -3.00 -3.00 6.00 0.00 15.00 24.00
-38.00 -18.00 13.00 6.00 4.00 2.00 8.00 -62.00
53.00 -6.00 -18.00 -17.00 -2.00 5.00 42.00 -1.00
-24.00 -23.00 -15.00 1.00 -1.00 16.00 44.00 68.00
-101.00 -71.00 -1.00 3.00 2.00 4.00 42.00 -41.00
-5.00 18.00 -12.00 -6.00 2.00 14.00 68.00 -18.00
-47.00 13.00 5.00 0.00 1.00 -8.00 -70.00 1.00
64.00 27.00 -9.00 -5.00 -1.00 -1.00 -28.00 -26.00
20.00 1.00 3.00 -1.00 0.00 0.00 -9.00 -17.00
5.00 -6.00 4.00 15.00 16.00 0.00 -3.00 -4.00
2.00 -3.00 -17.00 86.00 26.00 9.00 -2.00 1.00
-5.00 -6.00 -1.00 29.00 -58.00 -20.00 -7.00 -6.00
2.00 -2.00 -7.00 -34.00 -5.00 -4.00 8.00 -16.00
1.00 2.00 8.00 31.00 0.00 2.00 15.00 -7.00
-1.00 0.00 -5.00 -2.00 4.00 2.00 -1.00 -2.00
1.00 1.00 4.00 16.00 10.00 2.00 6.00 4.00
0.00 3.00 2.00 -5.00 -1.00 -1.00 3.00 -5.00
0.00 0.00 0.00 -12.00 2.00 1.00 7.00 0.00
0.00 -1.00 -3.00 0.00 -1.00 -1.00 -1.00 2.00
0.00 -1.00 1.00 10.00 3.00 2.00 0.00 9.00
0.00 0.00 2.00 4.00 5.00 3.00 4.00 2.00
-3.00 -2.00 2.00 16.00 4.00 2.00 -2.00 3.00
-1.00 1.00 1.00 4.00 -2.00 0.00 1.00 0.00
