-1.00 -2.00 1.00 -2.00 -1.00 -2.00 -2.00 -2.00
1.00 0.00 -6.00 4.00 2.00 1.00 0.00 0.00
-3.00 -7.00 -8.00 -9.00 -6.00 -4.00 -1.00 -1.00
-1.00 -3.00 -4.00 9.00 -2.00 0.00 0.00 -2.00
1.00 1.00 5.00 0.00 1.00 1.00 -1.00 -3.00
15.00 3.00 0.00 -1.00 -1.00 -1.00 6.00 -2.00
13.00 0.00 5.00 -1.00 1.00 5.00 7.00 38.00
10.00 -60.00 -19.00 -1.00 2.00 -2.00 -39.00 -7.00
45.00 18.00 9.00 7.00 3.00 -7.00 -61.00 -19.00
-82.00 11.00 2.00 -2.00 -2.00 -8.00 40.00 1.00
79.00 12.00 5.00 -5.00 -4.00 -8.00 -64.00 -95.00
62.00 -8.00 -8.00 6.00 0.00 -17.00 -69.00 69.00
-1.00 -40.00 -7.00 0.00 -5.00 -14.00 -28.00 12.00
22.00 19.00 11.00 2.00 1.00 9.00 27.00 -21.00
-13.00 8.00 -6.00 0.00 3.00 5.00 22.00 14.00
0.00 3.00 2.00 46.00 6.00 2.00 11.00 -1.00
-2.00 1.00 7.00 35.00 30.00 4.00 11.00 3.00
-6.00 -3.00 -2.00 22.00 0.00 3.00 0.00 0.00
-4.00 -4.00 -1.00 -2.00 -2.00 -5.00 9.00 -13.00
1.00 2.00 -2.00 -12.00 -6.00 -3.00 -9.00 1.00
-1.00 -1.00 1.00 1.00 7.00 1.00 4.00 2.00
0.00 0.00 3.00 7.00 -10.00 -2.00 4.00 4.00
-1.00 -1.00 -5.00 5.00 1.00 -3.00 0.00 -1.00
0.00 1.00 -1.00 2.00 -3.00 -3.00 -14.00 -3.00
1.00 -1.00 -4.00 10.00 -6.00 -4.00 0.00 10.00
0.00 0.00 -4.00 -11.00 1.00 0.00 8.00 3.00
