-1.00 -2.00 -5.00 -16.00 -6.00 -3.00 4.00 2.00
0.00 -2.00 1.00 -2.00 -4.00 -6.00 -2.00 -4.00
0.00 -1.00 0.00 2.00 1.00 -3.00 1.00 2.00
1.00 -1.00 0.00 -7.00 3.00 -1.00 11.00 -12.00
-1.00 1.00 1.00 5.00 0.00 1.00 2.00 6.00
1.00 2.00 2.00 1.00 4.00 7.00 9.00 5.00
-2.00 2.00 -5.00 -26.00 5.00 1.00 -5.00 -6.00
8.00 -1.00 -1.00 3.00 -5.00 -3.00 2.00 -15.00
-44.00 -26.00 -12.00 -8.00 -11.00 2.00 9.00 97.00
104.00 33.00 -37.00 -13.00 -16.00 -11.00 -46.00 -18.00
-34.00 -8.00 4.00 10.00 -1.00 4.00 3.00 17.00
-8.00 -12.00 -7.00 23.00 6.00 -5.00 31.00 127.00
-28.00 -41.00 40.00 -23.00 -7.00 -24.00 -98.00 -7.00
110.00 76.00 16.00 54.00 -15.00 -23.00 -22.00 103.00
-54.00 31.00 42.00 12.00 -10.00 -68.00 -55.00 13.00
69.00 -11.00 -29.00 -5.00 0.00 -5.00 21.00 -80.00
22.00 19.00 22.00 -12.00 7.00 10.00 -6.00 107.00
-27.00 39.00 4.00 -15.00 -18.00 -7.00 -57.00 12.00
63.00 93.00 12.00 -23.00 2.00 55.00 95.00 22.00
-128.00 14.00 51.00 -32.00 10.00 -52.00 52.00 28.00
-20.00 -37.00 -28.00 -32.00 -12.00 -4.00 -40.00 -51.00
-58.00 -11.00 3.00 16.00 -3.00 -5.00 -25.00 -43.00
4.00 -3.00 -10.00 34.00 15.00 -6.00 -36.00 -9.00
-9.00 -14.00 -30.00 -86.00 -87.00 7.00 -6.00 -13.00
4.00 -1.00 -6.00 37.00 12.00 18.00 -1.00 0.00
0.00 -4.00 -24.00 -68.00 7.00 -12.00 0.00 3.00
-2.00 -1.00 22.00 81.00 5.00 -2.00 -14.00 -18.00
-3.00 -2.00 -6.00 31.00 -2.00 -7.00 -7.00 -7.00
-5.00 -4.00 -5.00 -38.00 -4.00 -1.00 8.00 -2.00
1.00 0.00 0.00 -49.00 -13.00 6.00 14.00 -2.00
-3.00 -4.00 -5.00 -2.00 5.00 2.00 5.00 -4.00
-2.00 -4.00 -3.00 -1.00 -1.00 0.00 5.00 -5.00
0.00 0.00 1.00 15.00 12.00 -2.00 7.00 7.00
2.00 1.00 4.00 -2.00 1.00 3.00 -5.00 -3.00
-3.00 -1.00 -2.00 -9.00 -3.00 -6.00 -6.00 -3.00
-6.00 -7.00 0.00 13.00 -4.00 -16.00 -13.00 -4.00
