1.00 -3.00 -2.00 -1.00 -10.00 1.00 -4.00 0.00
-1.00 -1.00 4.00 11.00 10.00 0.00 -3.00 0.00
-1.00 -2.00 -2.00 -6.00 8.00 2.00 -5.00 1.00
0.00 0.00 1.00 3.00 -1.00 0.00 -1.00 0.00
-1.00 -1.00 0.00 0.00 -2.00 -1.00 0.00 0.00
0.00 -1.00 -3.00 -11.00 1.00 -1.00 -1.00 -1.00
1.00 -3.00 -4.00 -1.00 -2.00 -3.00 -3.00 2.00
-2.00 -3.00 -2.00 -23.00 6.00 1.00 -1.00 0.00
1.00 0.00 0.00 -3.00 4.00 2.00 1.00 1.00
-1.00 1.00 2.00 -9.00 6.00 4.00 0.00 1.00
-4.00 1.00 -1.00 -12.00 -63.00 -9.00 -5.00 -2.00
-2.00 -3.00 10.00 4.00 2.00 -6.00 -4.00 -3.00
-2.00 0.00 6.00 -13.00 -26.00 -1.00 2.00 1.00
0.00 1.00 -3.00 -48.00 13.00 -6.00 -1.00 2.00
2.00 3.00 24.00 -32.00 -20.00 7.00 1.00 1.00
-6.00 -8.00 -33.00 3.00 22.00 -12.00 -3.00 -5.00
2.00 3.00 11.00 -37.00 27.00 2.00 3.00 -2.00
-2.00 -5.00 -35.00 98.00 -89.00 -7.00 -5.00 -1.00
7.00 14.00 -9.00 -82.00 -51.00 -27.00 -4.00 2.00
7.00 5.00 14.00 -64.00 -126.00 62.00 23.00 9.00
1.00 5.00 9.00 67.00 61.00 10.00 1.00 0.00
0.00 5.00 30.00 94.00 -31.00 -55.00 -12.00 -7.00
6.00 -4.00 -44.00 -107.00 -66.00 21.00 13.00 10.00
2.00 -4.00 -30.00 24.00 89.00 -2.00 -5.00 -2.00
0.00 3.00 -17.00 -3.00 -60.00 -49.00 -14.00 -3.00
-13.00 -18.00 -23.00 17.00 2.00 -21.00 -10.00 -9.00
6.00 4.00 34.00 17.00 -60.00 5.00 2.00 2.00
-3.00 -17.00 -53.00 -105.00 -128.00 -37.00 -5.00 -3.00
-4.00 -4.00 51.00 122.00 95.00 2.00 -10.00 -6.00
0.00 -24.00 -106.00 -103.00 -10.00 98.00 8.00 7.00
-4.00 0.00 20.00 1.00 -52.00 -26.00 -6.00 -6.00
-9.00 -8.00 -53.00 -41.00 -44.00 -4.00 -9.00 -6.00
-3.00 5.00 93.00 111.00 -5.00 -15.00 -8.00 -5.00
-2.00 1.00 -12.00 -59.00 -18.00 -16.00 -1.00 -3.00
6.00 8.00 -15.00 -114.00 -91.00 -29.00 4.00 3.00
-3.00 -4.00 5.00 18.00 -31.00 13.00 1.00 -5.00
-12.00 -17.00 -40.00 35.00 88.00 -5.00 7.00 -5.00
-1.00 -4.00 -21.00 -6.00 -36.00 8.00 -9.00 -3.00
3.00 3.00 41.00 -15.00 -2.00 20.00 1.00 -1.00
2.00 5.00 21.00 -48.00 -7.00 2.00 5.00 3.00
-15.00 9.00 -21.00 3.00 -4.00 6.00 -16.00 -8.00
6.00 5.00 -24.00 17.00 2.00 0.00 14.00 8.00
17.00 5.00 10.00 -8.00 5.00 7.00 25.00 -6.00
5.00 -3.00 5.00 -9.00 -1.00 -5.00 8.00 5.00
1.00 0.00 8.00 4.00 -2.00 1.00 3.00 3.00
-2.00 0.00 2.00 -1.00 -27.00 -6.00 -1.00 -5.00
0.00 -1.00 2.00 -12.00 8.00 2.00 -8.00 7.00
-1.00 0.00 2.00 3.00 4.00 -3.00 2.00 -1.00
-2.00 -1.00 -2.00 -5.00 3.00 0.00 12.00 -9.00
0.00 1.00 2.00 -1.00 3.00 3.00 -3.00 -5.00
1.00 -1.00 0.00 -5.00 2.00 1.00 0.00 0.00
-1.00 -1.00 -1.00 -5.00 -8.00 -4.00 4.00 1.00
2.00 1.00 1.00 0.00 1.00 1.00 -1.00 5.00
-3.00 -2.00 -3.00 0.00 1.00 -1.00 -5.00 -3.00
-1.00 -2.00 2.00 6.00 0.00 1.00 0.00 -6.00
0.00 -4.00 -5.00 -2.00 -3.00 -1.00 -6.00 -5.00
