2.00 -1.00 -5.00 8.00 1.00 -1.00 1.00 1.00
-1.00 -1.00 -4.00 -1.00 -5.00 0.00 1.00 2.00
-2.00 -2.00 -1.00 -2.00 -3.00 -2.00 1.00 -2.00
-1.00 -1.00 -2.00 0.00 3.00 2.00 -1.00 2.00
-5.00 1.00 1.00 -6.00 1.00 -2.00 -8.00 -12.00
16.00 18.00 11.00 5.00 0.00 -4.00 -1.00 28.00
3.00 12.00 5.00 -3.00 -3.00 3.00 66.00 13.00
-16.00 -19.00 -2.00 -1.00 -5.00 -4.00 -50.00 27.00
56.00 13.00 -7.00 -11.00 -7.00 -4.00 -16.00 -23.00
23.00 15.00 3.00 1.00 12.00 37.00 127.00 -39.00
-18.00 3.00 7.00 2.00 6.00 10.00 -5.00 -37.00
-20.00 8.00 8.00 1.00 0.00 -8.00 -65.00 68.00
49.00 -14.00 -10.00 3.00 1.00 -5.00 -55.00 8.00
-128.00 -4.00 1.00 2.00 1.00 5.00 60.00 9.00
0.00 -6.00 -4.00 -4.00 -2.00 -6.00 -75.00 4.00
17.00 9.00 4.00 4.00 5.00 -2.00 -16.00 20.00
8.00 -4.00 -1.00 -4.00 0.00 0.00 -11.00 11.00
3.00 3.00 1.00 26.00 22.00 1.00 5.00 3.00
0.00 -5.00 -15.00 -74.00 -7.00 7.00 -6.00 -1.00
-2.00 -1.00 -4.00 -43.00 -6.00 0.00 -2.00 -2.00
0.00 0.00 3.00 16.00 -1.00 1.00 -2.00 0.00
0.00 -1.00 1.00 11.00 2.00 0.00 1.00 -3.00
0.00 0.00 5.00 13.00 7.00 3.00 -5.00 -10.00
-1.00 -2.00 1.00 -21.00 0.00 -2.00 -1.00 0.00
0.00 -3.00 -1.00 10.00 4.00 0.00 -3.00 -2.00
0.00 0.00 -5.00 -17.00 -2.00 -1.00 -5.00 -2.00
0.00 0.00 -3.00 -8.00 -9.00 2.00 -1.00 2.00
-1.00 -2.00 -3.00 1.00 -1.00 -3.00 -1.00 0.00
0.00 -3.00 -3.00 2.00 -1.00 -2.00 -1.00 -1.00
-1.00 -3.00 -1.00 7.00 1.00 -4.00 -7.00 -12.00
0.00 -2.00 -2.00 21.00 4.00 -1.00 0.00 1.00
-1.00 -3.00 -4.00 3.00 3.00 3.00 0.00 2.00
-1.00 -2.00 -1.00 0.00 -3.00 -1.00 -2.00 0.00
-2.00 0.00 -2.00 -4.00 1.00 -1.00 0.00 0.00
-1.00 -2.00 -6.00 1.00 -1.00 -1.00 1.00 -1.00
0.00 0.00 -1.00 1.00 2.00 -1.00 0.00 -1.00
