-2.00 -3.00 -3.00 12.00 -16.00 -5.00 3.00 1.00
-1.00 1.00 2.00 -2.00 -3.00 -2.00 -1.00 -2.00
-1.00 0.00 -3.00 -1.00 0.00 2.00 0.00 4.00
-2.00 -2.00 -2.00 3.00 4.00 2.00 0.00 0.00
-2.00 -1.00 4.00 26.00 2.00 3.00 3.00 0.00
0.00 0.00 0.00 -16.00 0.00 -2.00 1.00 3.00
0.00 0.00 -2.00 25.00 4.00 -4.00 -3.00 0.00
0.00 0.00 2.00 -1.00 -1.00 0.00 0.00 0.00
-2.00 -4.00 2.00 -11.00 -4.00 -6.00 -3.00 -2.00
0.00 1.00 0.00 -20.00 -1.00 -2.00 -3.00 0.00
1.00 2.00 -1.00 -11.00 0.00 0.00 1.00 2.00
-1.00 1.00 -2.00 13.00 -4.00 -6.00 -2.00 -3.00
1.00 0.00 0.00 -24.00 -9.00 5.00 3.00 2.00
1.00 2.00 1.00 -14.00 -1.00 1.00 3.00 6.00
-2.00 -2.00 -1.00 45.00 3.00 0.00 0.00 -3.00
0.00 1.00 0.00 -16.00 1.00 2.00 1.00 1.00
-1.00 -1.00 -1.00 6.00 -18.00 -1.00 -2.00 -2.00
-2.00 -1.00 0.00 8.00 15.00 -2.00 -4.00 -1.00
-2.00 -3.00 -1.00 7.00 22.00 -12.00 -4.00 -4.00
-2.00 0.00 0.00 -22.00 -2.00 3.00 4.00 3.00
-5.00 -5.00 -1.00 60.00 29.00 3.00 0.00 -4.00
6.00 3.00 -40.00 -89.00 -79.00 -3.00 8.00 7.00
12.00 14.00 1.00 -60.00 -3.00 33.00 21.00 14.00
3.00 6.00 51.00 -41.00 14.00 48.00 7.00 6.00
-16.00 -25.00 -19.00 40.00 114.00 -69.00 -19.00 -17.00
-7.00 -15.00 -36.00 -119.00 19.00 48.00 0.00 -1.00
12.00 18.00 79.00 -15.00 -43.00 27.00 15.00 7.00
-20.00 -21.00 17.00 127.00 127.00 -52.00 -27.00 -20.00
-1.00 -8.00 -88.00 -34.00 11.00 12.00 -14.00 -5.00
8.00 19.00 10.00 34.00 -11.00 -14.00 -2.00 6.00
2.00 22.00 29.00 19.00 76.00 -35.00 -15.00 -5.00
-9.00 -15.00 -10.00 -122.00 23.00 -10.00 0.00 -4.00
-16.00 -29.00 54.00 12.00 -11.00 -42.00 -15.00 -10.00
-8.00 -19.00 -45.00 -47.00 -39.00 5.00 -1.00 -2.00
-7.00 -9.00 -41.00 68.00 -24.00 0.00 -2.00 -4.00
-2.00 -6.00 -21.00 -45.00 6.00 -4.00 19.00 3.00
-1.00 6.00 -2.00 21.00 5.00 9.00 0.00 -4.00
-4.00 0.00 8.00 18.00 -13.00 -1.00 -7.00 3.00
0.00 2.00 -8.00 -15.00 -5.00 -1.00 -3.00 -1.00
1.00 3.00 14.00 8.00 -1.00 2.00 2.00 -1.00
0.00 0.00 -5.00 -40.00 -7.00 -5.00 0.00 2.00
-1.00 -1.00 -5.00 -6.00 -6.00 -5.00 -3.00 -2.00
-4.00 -3.00 -2.00 21.00 -10.00 -8.00 -9.00 -3.00
-3.00 -2.00 1.00 10.00 -2.00 -6.00 0.00 5.00
-1.00 0.00 2.00 -14.00 -2.00 1.00 -1.00 -9.00
-2.00 -4.00 -2.00 0.00 0.00 -4.00 -3.00 0.00
0.00 0.00 2.00 6.00 3.00 1.00 4.00 4.00
-1.00 1.00 4.00 0.00 6.00 0.00 0.00 -1.00
0.00 0.00 3.00 16.00 7.00 -3.00 -5.00 -4.00
0.00 1.00 0.00 -13.00 -6.00 1.00 1.00 1.00
-1.00 -2.00 -9.00 -3.00 2.00 -1.00 -2.00 -2.00
