-2.00 -4.00 -4.00 1.00 7.00 0.00 -1.00 -1.00
0.00 0.00 -4.00 -7.00 4.00 0.00 -1.00 -1.00
-2.00 -3.00 -1.00 1.00 0.00 -2.00 -2.00 -2.00
-2.00 -1.00 0.00 0.00 -2.00 -3.00 -1.00 0.00
-1.00 -2.00 0.00 5.00 1.00 0.00 -3.00 0.00
0.00 -2.00 -2.00 3.00 -8.00 -1.00 1.00 -2.00
-1.00 0.00 0.00 -6.00 -3.00 0.00 0.00 1.00
1.00 1.00 1.00 46.00 15.00 0.00 -1.00 -1.00
-2.00 -4.00 -1.00 0.00 9.00 2.00 -1.00 0.00
5.00 4.00 4.00 20.00 1.00 12.00 9.00 5.00
-5.00 -13.00 -32.00 -97.00 -44.00 -21.00 -12.00 -6.00
-5.00 5.00 20.00 46.00 26.00 26.00 12.00 9.00
-14.00 -18.00 -17.00 36.00 -20.00 -9.00 -10.00 -12.00
-8.00 -14.00 -25.00 53.00 -109.00 7.00 -1.00 -5.00
-4.00 -6.00 0.00 -39.00 16.00 -39.00 -10.00 -5.00
-4.00 7.00 17.00 15.00 -35.00 10.00 7.00 8.00
-1.00 0.00 -17.00 -94.00 -42.00 -1.00 0.00 -4.00
11.00 12.00 23.00 30.00 1.00 19.00 11.00 8.00
-8.00 -10.00 -7.00 -4.00 9.00 -10.00 -8.00 -3.00
-7.00 -3.00 3.00 -9.00 5.00 0.00 2.00 -13.00
-2.00 -1.00 -4.00 -2.00 1.00 -4.00 -3.00 1.00
2.00 4.00 3.00 14.00 -1.00 1.00 -3.00 3.00
-3.00 -2.00 3.00 30.00 10.00 -2.00 -1.00 -1.00
-3.00 -2.00 -3.00 -7.00 -4.00 -5.00 -3.00 -2.00
0.00 1.00 -3.00 13.00 3.00 -1.00 0.00 0.00
2.00 3.00 5.00 22.00 11.00 3.00 1.00 -1.00
0.00 -1.00 -3.00 2.00 -4.00 0.00 -1.00 -1.00
-1.00 0.00 2.00 26.00 0.00 3.00 1.00 -1.00
-1.00 0.00 -2.00 5.00 -1.00 -2.00 -1.00 2.00
-1.00 -1.00 -3.00 -8.00 -3.00 -3.00 -3.00 -2.00
-2.00 -4.00 0.00 10.00 -17.00 -10.00 -7.00 -5.00
0.00 -1.00 1.00 3.00 2.00 1.00 1.00 -1.00
-1.00 -2.00 -2.00 -4.00 -2.00 -1.00 -2.00 -2.00
0.00 -2.00 -1.00 7.00 1.00 1.00 0.00 -1.00
0.00 0.00 2.00 -1.00 3.00 0.00 0.00 -1.00
-2.00 -2.00 -1.00 -6.00 5.00 -1.00 -3.00 -1.00
-1.00 -1.00 0.00 15.00 -4.00 -1.00 -2.00 -1.00
1.00 0.00 2.00 11.00 1.00 -2.00 0.00 -1.00
-1.00 0.00 0.00 6.00 1.00 -1.00 0.00 0.00
-1.00 0.00 -1.00 0.00 1.00 -1.00 1.00 0.00
0.00 -1.00 -1.00 -1.00 -10.00 -5.00 -2.00 1.00
