6.00 -3.00 1.00 2.00 -5.00 0.00 -23.00 0.00
-2.00 -2.00 -5.00 2.00 3.00 3.00 13.00 -1.00
1.00 0.00 5.00 -1.00 0.00 -4.00 -13.00 6.00
0.00 -2.00 -2.00 -6.00 -1.00 2.00 14.00 2.00
-1.00 -3.00 -6.00 -23.00 -8.00 -2.00 -4.00 5.00
0.00 -2.00 5.00 28.00 0.00 -2.00 -1.00 2.00
-1.00 -4.00 -13.00 2.00 0.00 0.00 27.00 -3.00
4.00 11.00 1.00 -3.00 -3.00 -4.00 -31.00 22.00
-34.00 2.00 8.00 -2.00 5.00 3.00 -2.00 -31.00
1.00 -5.00 -17.00 -26.00 2.00 5.00 -1.00 12.00
-76.00 -42.00 -13.00 -13.00 -4.00 4.00 20.00 -50.00
111.00 9.00 -22.00 13.00 -3.00 -15.00 -39.00 47.00
1.00 79.00 15.00 25.00 12.00 22.00 -52.00 84.00
0.00 43.00 -14.00 -16.00 -7.00 -10.00 -41.00 -28.00
0.00 -104.00 -28.00 60.00 4.00 -40.00 -110.00 -128.00
-35.00 71.00 8.00 51.00 -4.00 -10.00 38.00 7.00
-21.00 -67.00 -8.00 -25.00 -1.00 6.00 3.00 1.00
-63.00 -22.00 -15.00 54.00 -26.00 -5.00 102.00 -5.00
-21.00 59.00 68.00 -19.00 19.00 14.00 -56.00 -88.00
47.00 10.00 24.00 29.00 14.00 30.00 114.00 66.00
62.00 -38.00 -12.00 16.00 11.00 6.00 -69.00 27.00
-106.00 -37.00 11.00 11.00 -28.00 -2.00 31.00 -107.00
2.00 5.00 -28.00 -127.00 -28.00 -21.00 -18.00 14.00
-48.00 3.00 24.00 60.00 10.00 -16.00 -100.00 -62.00
36.00 18.00 15.00 68.00 -3.00 -13.00 -44.00 -1.00
36.00 19.00 34.00 93.00 13.00 9.00 29.00 -5.00
11.00 9.00 6.00 46.00 9.00 5.00 -6.00 5.00
-7.00 0.00 -16.00 -65.00 -59.00 2.00 8.00 7.00
-10.00 -21.00 -24.00 101.00 -50.00 -30.00 -49.00 -7.00
5.00 1.00 -7.00 -115.00 -19.00 1.00 9.00 7.00
-2.00 0.00 -7.00 -32.00 -34.00 -10.00 -60.00 -6.00
1.00 4.00 8.00 31.00 5.00 0.00 -9.00 -10.00
-2.00 -2.00 0.00 49.00 6.00 -3.00 20.00 8.00
1.00 1.00 0.00 -18.00 1.00 5.00 30.00 -13.00
1.00 2.00 2.00 9.00 -7.00 6.00 7.00 1.00
1.00 -4.00 -5.00 -35.00 -20.00 -5.00 -18.00 -6.00
-2.00 -1.00 3.00 -9.00 2.00 -5.00 1.00 5.00
1.00 1.00 -4.00 7.00 2.00 1.00 1.00 -2.00
-3.00 7.00 16.00 12.00 -9.00 -10.00 -13.00 3.00
0.00 -3.00 -4.00 2.00 5.00 -3.00 -3.00 4.00
-1.00 -3.00 -10.00 -41.00 -17.00 1.00 -11.00 -3.00
