2.00 1.00 3.00 2.00 0.00 0.00 1.00 1.00
0.00 -2.00 -2.00 -6.00 -7.00 -2.00 -2.00 -1.00
-1.00 -1.00 1.00 0.00 1.00 0.00 -2.00 1.00
-5.00 -1.00 -2.00 0.00 0.00 -3.00 -1.00 1.00
-33.00 -3.00 -1.00 0.00 -4.00 -3.00 -4.00 -10.00
-6.00 7.00 0.00 -1.00 -3.00 0.00 -10.00 -4.00
43.00 14.00 -3.00 -4.00 -2.00 -1.00 -2.00 6.00
64.00 -1.00 7.00 3.00 -8.00 -9.00 -46.00 -16.00
-60.00 10.00 4.00 1.00 4.00 0.00 -25.00 -2.00
11.00 -11.00 -3.00 7.00 5.00 3.00 -57.00 7.00
-50.00 -15.00 8.00 11.00 10.00 12.00 32.00 36.00
90.00 41.00 3.00 -1.00 3.00 -11.00 -102.00 -30.00
127.00 48.00 8.00 4.00 3.00 -5.00 -127.00 46.00
49.00 7.00 25.00 9.00 7.00 -2.00 -63.00 23.00
-54.00 -25.00 -14.00 -9.00 -10.00 -3.00 49.00 44.00
86.00 1.00 -10.00 -1.00 0.00 2.00 -63.00 55.00
-30.00 5.00 17.00 -1.00 4.00 2.00 -9.00 -26.00
-76.00 -3.00 2.00 4.00 -3.00 -7.00 -95.00 7.00
-4.00 -5.00 9.00 4.00 1.00 -6.00 -39.00 -33.00
-71.00 27.00 -6.00 -5.00 -2.00 7.00 36.00 13.00
-30.00 -10.00 -2.00 -2.00 -1.00 5.00 -2.00 -21.00
6.00 6.00 18.00 10.00 6.00 3.00 23.00 -33.00
11.00 5.00 4.00 25.00 9.00 5.00 12.00 5.00
4.00 -3.00 -11.00 -1.00 -17.00 -12.00 0.00 1.00
0.00 -3.00 -14.00 -84.00 -3.00 0.00 1.00 -1.00
1.00 -3.00 0.00 52.00 6.00 4.00 -2.00 -1.00
-2.00 -3.00 -4.00 13.00 6.00 -4.00 -2.00 -4.00
-1.00 -1.00 -9.00 -31.00 -21.00 -4.00 -1.00 -1.00
-2.00 -3.00 -7.00 -5.00 -13.00 -3.00 -4.00 -12.00
-3.00 0.00 2.00 37.00 10.00 3.00 1.00 1.00
-1.00 -3.00 -5.00 -10.00 -8.00 -2.00 0.00 8.00
1.00 3.00 5.00 11.00 -12.00 -2.00 -1.00 -3.00
1.00 0.00 0.00 6.00 3.00 -2.00 0.00 -1.00
-3.00 -1.00 1.00 8.00 -8.00 -5.00 -3.00 -2.00
1.00 -1.00 -1.00 7.00 -2.00 -3.00 -2.00 1.00
0.00 -2.00 3.00 -4.00 -3.00 -2.00 -2.00 -2.00
