0.00 -1.00 0.00 6.00 3.00 2.00 2.00 -11.00
1.00 1.00 0.00 11.00 13.00 2.00 2.00 1.00
-1.00 0.00 0.00 -3.00 1.00 4.00 6.00 5.00
1.00 0.00 -1.00 0.00 1.00 -1.00 0.00 12.00
-1.00 -3.00 1.00 -7.00 -4.00 1.00 0.00 -2.00
2.00 0.00 -2.00 -8.00 -11.00 2.00 0.00 -2.00
-1.00 0.00 -1.00 2.00 0.00 3.00 1.00 4.00
-2.00 -2.00 -1.00 3.00 -6.00 -5.00 0.00 -1.00
0.00 -1.00 -4.00 2.00 8.00 -1.00 0.00 2.00
-2.00 0.00 -3.00 -36.00 -17.00 -4.00 -1.00 0.00
3.00 4.00 4.00 -53.00 13.00 6.00 1.00 5.00
-15.00 -5.00 -10.00 -36.00 -77.00 -10.00 -3.00 -1.00
-2.00 1.00 -9.00 -27.00 -24.00 3.00 3.00 8.00
11.00 17.00 -20.00 -78.00 63.00 25.00 11.00 3.00
-23.00 -10.00 -1.00 71.00 32.00 36.00 5.00 -2.00
26.00 25.00 66.00 -73.00 3.00 72.00 31.00 20.00
14.00 18.00 55.00 6.00 -41.00 -3.00 -6.00 1.00
-5.00 -10.00 -15.00 31.00 -30.00 -25.00 2.00 -4.00
9.00 11.00 12.00 -32.00 -8.00 28.00 70.00 29.00
-9.00 -8.00 -16.00 -63.00 -94.00 8.00 -52.00 -12.00
-21.00 -10.00 74.00 95.00 -48.00 -46.00 -17.00 -16.00
-11.00 -22.00 -40.00 42.00 -16.00 61.00 -19.00 -6.00
18.00 31.00 92.00 -76.00 127.00 44.00 19.00 13.00
9.00 27.00 -5.00 -62.00 6.00 30.00 -4.00 9.00
-8.00 -3.00 -9.00 -59.00 -8.00 -25.00 -9.00 -12.00
-6.00 -9.00 -8.00 -7.00 79.00 -25.00 -21.00 -12.00
2.00 7.00 24.00 -11.00 60.00 14.00 4.00 -4.00
-2.00 2.00 91.00 67.00 95.00 -6.00 5.00 -3.00
9.00 1.00 -84.00 30.00 54.00 14.00 10.00 11.00
3.00 14.00 20.00 -76.00 61.00 30.00 11.00 4.00
8.00 16.00 98.00 -43.00 58.00 1.00 -8.00 8.00
4.00 -4.00 1.00 20.00 96.00 56.00 2.00 4.00
2.00 3.00 83.00 63.00 13.00 16.00 22.00 6.00
-4.00 -17.00 -52.00 4.00 81.00 20.00 -3.00 -5.00
-2.00 -4.00 4.00 48.00 1.00 -19.00 -6.00 -4.00
-20.00 -13.00 -84.00 14.00 -42.00 -20.00 -11.00 12.00
-47.00 -30.00 13.00 -34.00 -18.00 -25.00 -5.00 -45.00
8.00 7.00 -4.00 15.00 -12.00 -5.00 4.00 43.00
-11.00 11.00 3.00 48.00 -3.00 -9.00 -10.00 8.00
-16.00 -21.00 19.00 75.00 6.00 5.00 4.00 8.00
0.00 1.00 -1.00 -9.00 -4.00 -7.00 -11.00 23.00
15.00 0.00 -4.00 -78.00 -2.00 -7.00 -12.00 1.00
3.00 4.00 -1.00 10.00 -3.00 -2.00 1.00 0.00
-3.00 -4.00 -7.00 0.00 -6.00 0.00 8.00 -3.00
-3.00 -2.00 1.00 17.00 3.00 3.00 -13.00 -12.00
2.00 3.00 -2.00 -3.00 4.00 2.00 3.00 5.00
-2.00 -1.00 -3.00 5.00 3.00 3.00 -8.00 2.00
0.00 1.00 -3.00 -6.00 -2.00 3.00 5.00 1.00
-2.00 -1.00 3.00 7.00 -5.00 -1.00 3.00 13.00
2.00 -1.00 3.00 5.00 7.00 3.00 -4.00 -3.00
-1.00 1.00 1.00 7.00 -11.00 2.00 1.00 -15.00
-1.00 -1.00 0.00 5.00 -5.00 -6.00 -8.00 2.00
0.00 -1.00 -5.00 -2.00 0.00 -1.00 0.00 1.00
-2.00 -2.00 1.00 6.00 3.00 -1.00 1.00 -9.00
-1.00 0.00 4.00 10.00 7.00 2.00 -3.00 17.00
-1.00 0.00 2.00 8.00 3.00 1.00 -1.00 -4.00
