0.00 -1.00 2.00 13.00 20.00 6.00 2.00 0.00
1.00 0.00 0.00 -4.00 -16.00 0.00 0.00 2.00
-3.00 -4.00 0.00 9.00 8.00 1.00 -2.00 -3.00
0.00 -1.00 -3.00 -23.00 13.00 10.00 1.00 2.00
0.00 -1.00 1.00 -1.00 11.00 0.00 -2.00 -2.00
-2.00 -1.00 -1.00 0.00 3.00 -6.00 -4.00 -2.00
-1.00 0.00 -1.00 -2.00 35.00 7.00 1.00 -1.00
-2.00 0.00 1.00 9.00 -11.00 -5.00 -1.00 0.00
-1.00 -2.00 -2.00 -5.00 6.00 -1.00 -4.00 -1.00
-1.00 -1.00 -3.00 12.00 8.00 2.00 0.00 -1.00
1.00 -2.00 2.00 10.00 -20.00 -9.00 -2.00 -1.00
0.00 -2.00 -3.00 -12.00 -5.00 1.00 -3.00 0.00
-1.00 1.00 0.00 -7.00 11.00 2.00 1.00 0.00
-1.00 -1.00 2.00 11.00 24.00 -6.00 -6.00 -3.00
0.00 -1.00 3.00 10.00 8.00 1.00 0.00 0.00
-1.00 -2.00 1.00 23.00 -5.00 4.00 2.00 0.00
-1.00 -1.00 1.00 -9.00 16.00 -10.00 -7.00 -3.00
1.00 6.00 2.00 -5.00 10.00 18.00 6.00 5.00
5.00 1.00 -4.00 -39.00 127.00 17.00 5.00 0.00
6.00 5.00 15.00 -25.00 17.00 21.00 12.00 10.00
-20.00 -19.00 -38.00 -76.00 -54.00 -33.00 -16.00 -16.00
-16.00 2.00 66.00 28.00 -41.00 -14.00 -25.00 -18.00
5.00 11.00 11.00 -23.00 -24.00 20.00 14.00 9.00
7.00 -2.00 -100.00 40.00 36.00 0.00 9.00 10.00
4.00 -9.00 -71.00 54.00 108.00 56.00 18.00 5.00
-23.00 -15.00 -70.00 32.00 20.00 13.00 4.00 -9.00
-11.00 -14.00 -91.00 47.00 -104.00 -40.00 -14.00 -8.00
18.00 31.00 31.00 19.00 18.00 33.00 21.00 17.00
-1.00 4.00 23.00 69.00 85.00 4.00 -5.00 -2.00
19.00 32.00 26.00 -110.00 42.00 68.00 27.00 18.00
-6.00 0.00 11.00 -4.00 -58.00 15.00 -4.00 -5.00
17.00 23.00 42.00 -9.00 10.00 24.00 11.00 17.00
-1.00 2.00 -14.00 37.00 -17.00 1.00 -1.00 -3.00
14.00 4.00 -9.00 19.00 29.00 5.00 -3.00 5.00
-3.00 0.00 6.00 21.00 -2.00 6.00 37.00 -15.00
-3.00 0.00 -5.00 0.00 16.00 9.00 10.00 17.00
7.00 4.00 6.00 14.00 9.00 17.00 -6.00 -8.00
11.00 12.00 12.00 3.00 1.00 11.00 6.00 13.00
2.00 1.00 -3.00 -18.00 -1.00 2.00 -3.00 -5.00
-9.00 -11.00 -11.00 -7.00 -25.00 -12.00 -7.00 -6.00
-5.00 -3.00 -7.00 -30.00 -26.00 -7.00 -5.00 0.00
0.00 2.00 4.00 7.00 16.00 1.00 -2.00 -1.00
4.00 4.00 4.00 8.00 5.00 -1.00 5.00 7.00
4.00 3.00 6.00 -24.00 12.00 8.00 9.00 6.00
-1.00 -1.00 -2.00 1.00 -19.00 -7.00 -4.00 0.00
1.00 -1.00 -3.00 17.00 9.00 -1.00 -2.00 8.00
0.00 0.00 3.00 14.00 -2.00 -2.00 -1.00 -2.00
3.00 2.00 2.00 15.00 9.00 5.00 7.00 -2.00
-2.00 -2.00 -4.00 -12.00 -8.00 3.00 0.00 -4.00
-1.00 -3.00 -4.00 -22.00 4.00 3.00 0.00 0.00
-4.00 -2.00 -4.00 1.00 0.00 -2.00 -3.00 -5.00
-1.00 -1.00 -7.00 7.00 -2.00 -3.00 -3.00 0.00
-2.00 -3.00 0.00 4.00 2.00 -2.00 -2.00 -3.00
-3.00 -2.00 -7.00 -1.00 -12.00 -11.00 -10.00 -4.00
-2.00 -2.00 -2.00 12.00 3.00 -2.00 -6.00 -4.00
2.00 1.00 0.00 -18.00 -6.00 -2.00 2.00 2.00
0.00 -1.00 -2.00 -8.00 -1.00 2.00 2.00 -1.00
-2.00 0.00 0.00 -5.00 -4.00 -2.00 0.00 -2.00
1.00 1.00 1.00 -8.00 7.00 4.00 6.00 2.00
-2.00 -3.00 -6.00 -26.00 -10.00 -4.00 -3.00 -3.00
-1.00 1.00 0.00 -5.00 -10.00 -2.00 -3.00 -1.00
