1.00 -1.00 1.00 -4.00 -3.00 1.00 -1.00 -1.00
-1.00 0.00 -3.00 -1.00 3.00 1.00 -10.00 0.00
-3.00 -3.00 -3.00 7.00 -1.00 -1.00 1.00 -3.00
1.00 1.00 -2.00 -11.00 -3.00 0.00 0.00 1.00
1.00 3.00 -4.00 -17.00 6.00 4.00 5.00 1.00
0.00 0.00 0.00 6.00 -5.00 -1.00 0.00 -1.00
0.00 0.00 0.00 8.00 2.00 -1.00 0.00 3.00
-1.00 -1.00 -3.00 -12.00 11.00 2.00 0.00 0.00
2.00 1.00 2.00 -15.00 -10.00 -6.00 -2.00 3.00
-11.00 -16.00 -8.00 103.00 4.00 -18.00 -9.00 -12.00
2.00 -7.00 22.00 78.00 6.00 -14.00 -14.00 -4.00
13.00 24.00 70.00 9.00 55.00 36.00 19.00 12.00
3.00 4.00 -17.00 -81.00 70.00 18.00 5.00 3.00
3.00 7.00 -8.00 52.00 -8.00 -54.00 -6.00 -1.00
-3.00 -11.00 -7.00 95.00 47.00 45.00 9.00 3.00
-3.00 -4.00 -25.00 4.00 -128.00 -12.00 -2.00 -4.00
-10.00 -15.00 37.00 126.00 7.00 -34.00 -22.00 -11.00
-2.00 -3.00 -2.00 -34.00 18.00 0.00 -3.00 -2.00
4.00 1.00 -38.00 -122.00 4.00 26.00 4.00 3.00
6.00 13.00 27.00 -16.00 -58.00 -11.00 -4.00 7.00
-4.00 -5.00 -3.00 -1.00 -10.00 -6.00 1.00 -4.00
24.00 -2.00 -9.00 -19.00 -7.00 4.00 7.00 -8.00
-23.00 3.00 -1.00 -18.00 -6.00 10.00 51.00 -40.00
-28.00 9.00 -4.00 -8.00 -2.00 0.00 -44.00 -36.00
5.00 1.00 3.00 13.00 1.00 4.00 0.00 17.00
-1.00 3.00 2.00 -4.00 -33.00 5.00 5.00 20.00
1.00 -4.00 -1.00 -12.00 4.00 -2.00 4.00 7.00
-4.00 -3.00 -4.00 -10.00 9.00 -6.00 -6.00 -5.00
-4.00 -2.00 -1.00 34.00 -3.00 -4.00 -6.00 6.00
0.00 3.00 3.00 -4.00 -6.00 1.00 -6.00 -2.00
-2.00 -2.00 -2.00 29.00 -2.00 0.00 2.00 -2.00
0.00 -1.00 -9.00 -12.00 0.00 1.00 8.00 16.00
0.00 -2.00 -2.00 -8.00 -2.00 3.00 -1.00 -5.00
-4.00 -2.00 -5.00 -4.00 -8.00 -2.00 -5.00 -12.00
1.00 -2.00 -2.00 -13.00 6.00 1.00 -1.00 3.00
0.00 -1.00 0.00 -5.00 3.00 -1.00 2.00 -1.00
0.00 2.00 3.00 -2.00 1.00 2.00 10.00 4.00
0.00 -2.00 -2.00 -2.00 1.00 0.00 -2.00 2.00
-3.00 -3.00 -4.00 -5.00 2.00 -1.00 1.00 4.00
-2.00 -1.00 -2.00 -4.00 1.00 1.00 0.00 1.00
-1.00 -2.00 -5.00 -1.00 4.00 -1.00 2.00 -5.00
