-1.00 -2.00 -4.00 2.00 -1.00 -5.00 -2.00 -3.00
1.00 1.00 0.00 -9.00 -1.00 0.00 1.00 1.00
0.00 -2.00 -1.00 -6.00 -11.00 -2.00 0.00 -1.00
-2.00 -1.00 1.00 6.00 -4.00 0.00 0.00 0.00
1.00 -1.00 -3.00 -8.00 -4.00 -1.00 -1.00 0.00
-3.00 -3.00 1.00 14.00 0.00 -4.00 -4.00 -3.00
1.00 0.00 3.00 16.00 -4.00 -4.00 -2.00 -2.00
1.00 -1.00 -4.00 -1.00 -6.00 -2.00 -3.00 -2.00
0.00 -1.00 1.00 1.00 -6.00 2.00 1.00 0.00
1.00 0.00 -5.00 -8.00 4.00 2.00 2.00 -1.00
0.00 0.00 -1.00 -15.00 -4.00 -1.00 -4.00 -1.00
0.00 0.00 -1.00 -12.00 -1.00 1.00 2.00 -2.00
1.00 -2.00 2.00 -2.00 11.00 0.00 0.00 0.00
0.00 -2.00 -5.00 -18.00 -6.00 -3.00 -1.00 -1.00
-4.00 -4.00 -6.00 -33.00 -33.00 -10.00 -3.00 -3.00
-13.00 -19.00 -33.00 -52.00 -32.00 -44.00 -14.00 -13.00
4.00 5.00 75.00 84.00 96.00 8.00 7.00 3.00
-5.00 -2.00 -11.00 11.00 -18.00 -17.00 16.00 0.00
36.00 30.00 61.00 -78.00 -28.00 59.00 47.00 35.00
6.00 17.00 22.00 -12.00 4.00 57.00 27.00 9.00
-4.00 -5.00 -49.00 0.00 51.00 -35.00 -8.00 -4.00
11.00 27.00 35.00 75.00 47.00 22.00 12.00 4.00
2.00 1.00 33.00 11.00 -55.00 4.00 14.00 -3.00
-4.00 -4.00 -39.00 22.00 15.00 -14.00 -8.00 -3.00
-5.00 -9.00 -30.00 -52.00 1.00 -11.00 -8.00 -4.00
-4.00 -3.00 94.00 -16.00 1.00 3.00 -1.00 -4.00
-8.00 3.00 -7.00 -37.00 12.00 6.00 4.00 3.00
-2.00 1.00 2.00 71.00 6.00 -2.00 -23.00 -14.00
-4.00 -1.00 -1.00 38.00 1.00 4.00 -6.00 2.00
-4.00 0.00 -3.00 -10.00 -7.00 0.00 28.00 32.00
1.00 1.00 0.00 12.00 -3.00 -11.00 -1.00 -11.00
0.00 -3.00 -2.00 -17.00 5.00 10.00 2.00 -8.00
-2.00 -1.00 -3.00 -18.00 0.00 1.00 17.00 7.00
-4.00 -4.00 -7.00 9.00 0.00 4.00 25.00 2.00
1.00 1.00 0.00 -8.00 4.00 -1.00 -2.00 -6.00
-1.00 2.00 7.00 15.00 2.00 4.00 -3.00 -5.00
-2.00 -4.00 -9.00 3.00 2.00 -2.00 -3.00 -3.00
-1.00 -2.00 -4.00 5.00 -1.00 -3.00 -1.00 1.00
-2.00 -4.00 -4.00 5.00 8.00 4.00 3.00 2.00
-2.00 -2.00 6.00 7.00 3.00 6.00 -1.00 2.00
0.00 2.00 -3.00 -4.00 -6.00 -1.00 -2.00 -2.00
2.00 -2.00 2.00 -9.00 0.00 2.00 3.00 10.00
1.00 0.00 0.00 -7.00 2.00 0.00 0.00 0.00
0.00 1.00 -1.00 -10.00 -1.00 -2.00 -4.00 -2.00
0.00 0.00 1.00 2.00 -8.00 -1.00 2.00 0.00
-1.00 -2.00 -1.00 12.00 -1.00 -2.00 -4.00 -1.00
