-1.00 0.00 -1.00 -1.00 1.00 -4.00 0.00 -5.00
0.00 -2.00 -2.00 5.00 -2.00 0.00 2.00 -11.00
-1.00 -1.00 3.00 11.00 -7.00 -5.00 -3.00 3.00
-2.00 0.00 0.00 -5.00 0.00 0.00 2.00 12.00
-1.00 0.00 0.00 2.00 14.00 4.00 -4.00 -5.00
-3.00 -3.00 4.00 67.00 -9.00 -15.00 -9.00 -11.00
1.00 -3.00 -13.00 9.00 1.00 4.00 3.00 4.00
0.00 -1.00 -17.00 -41.00 -23.00 -1.00 -2.00 -1.00
7.00 8.00 -2.00 -4.00 -28.00 -6.00 -4.00 5.00
1.00 1.00 12.00 15.00 16.00 -7.00 -7.00 -2.00
0.00 4.00 18.00 10.00 4.00 34.00 3.00 0.00
10.00 16.00 33.00 -2.00 57.00 7.00 12.00 9.00
4.00 0.00 20.00 127.00 97.00 29.00 3.00 3.00
8.00 12.00 -43.00 -1.00 -68.00 6.00 6.00 9.00
-17.00 -25.00 -28.00 -65.00 9.00 -39.00 -33.00 -19.00
3.00 2.00 -41.00 -128.00 -27.00 -20.00 23.00 8.00
-7.00 -9.00 -20.00 21.00 -11.00 37.00 -31.00 -3.00
-5.00 -8.00 -4.00 64.00 66.00 -10.00 -27.00 -5.00
-12.00 -16.00 1.00 -84.00 -96.00 -120.00 -46.00 -14.00
8.00 18.00 52.00 -16.00 -17.00 22.00 27.00 5.00
7.00 10.00 31.00 92.00 65.00 20.00 -33.00 2.00
1.00 -6.00 -51.00 54.00 25.00 -23.00 13.00 3.00
-2.00 0.00 -39.00 59.00 -17.00 6.00 -12.00 -4.00
-1.00 7.00 54.00 56.00 -21.00 2.00 10.00 -9.00
-7.00 -13.00 -54.00 -105.00 -70.00 -20.00 -4.00 -5.00
-8.00 -10.00 -18.00 63.00 -64.00 -11.00 -18.00 -11.00
2.00 10.00 79.00 -64.00 19.00 1.00 -27.00 2.00
-4.00 -2.00 63.00 37.00 2.00 -4.00 -1.00 -3.00
-1.00 -5.00 -7.00 75.00 42.00 6.00 0.00 2.00
-1.00 -2.00 -12.00 9.00 3.00 -3.00 6.00 4.00
-9.00 -3.00 -5.00 -102.00 -22.00 -8.00 -26.00 10.00
-3.00 6.00 -11.00 23.00 -6.00 9.00 8.00 5.00
1.00 -1.00 -8.00 -62.00 -14.00 -3.00 -6.00 -5.00
0.00 -2.00 9.00 15.00 2.00 5.00 -6.00 -1.00
-1.00 0.00 -1.00 35.00 -6.00 -10.00 -3.00 -4.00
-2.00 1.00 -2.00 -15.00 -3.00 -1.00 5.00 -12.00
1.00 0.00 1.00 -11.00 0.00 -2.00 -4.00 -10.00
0.00 0.00 0.00 4.00 -3.00 -14.00 -9.00 -4.00
-2.00 1.00 -2.00 12.00 2.00 -5.00 -10.00 -4.00
-1.00 -3.00 0.00 1.00 -2.00 -2.00 3.00 4.00
-1.00 0.00 -1.00 5.00 3.00 5.00 -3.00 -7.00
2.00 2.00 1.00 7.00 3.00 4.00 16.00 2.00
-1.00 0.00 -3.00 -10.00 2.00 -2.00 -1.00 -1.00
-1.00 -2.00 0.00 -1.00 -2.00 0.00 4.00 -3.00
0.00 -2.00 0.00 12.00 4.00 -5.00 2.00 1.00
0.00 -1.00 1.00 2.00 2.00 10.00 8.00 2.00
