1.00 2.00 1.00 -3.00 2.00 3.00 1.00 1.00
-3.00 1.00 2.00 2.00 -7.00 -8.00 3.00 -5.00
-1.00 2.00 3.00 6.00 2.00 -1.00 2.00 0.00
-1.00 0.00 0.00 -2.00 2.00 1.00 -2.00 2.00
-2.00 -2.00 3.00 12.00 -7.00 -5.00 -3.00 -1.00
0.00 -1.00 -7.00 -31.00 -7.00 -1.00 -2.00 2.00
-4.00 1.00 -1.00 3.00 -2.00 -1.00 3.00 8.00
1.00 -1.00 2.00 16.00 3.00 0.00 -6.00 0.00
0.00 -1.00 0.00 28.00 -2.00 -5.00 7.00 16.00
-1.00 -1.00 -3.00 -3.00 -9.00 -2.00 -4.00 -2.00
0.00 0.00 1.00 0.00 2.00 1.00 -7.00 1.00
1.00 -2.00 0.00 -14.00 -1.00 3.00 8.00 12.00
-3.00 0.00 -2.00 -7.00 -4.00 -1.00 5.00 12.00
5.00 1.00 4.00 -3.00 -1.00 3.00 -2.00 13.00
33.00 -5.00 9.00 12.00 0.00 -9.00 -1.00 51.00
80.00 -6.00 -3.00 5.00 4.00 15.00 -63.00 -46.00
-83.00 17.00 34.00 8.00 24.00 -9.00 118.00 -95.00
63.00 54.00 57.00 10.00 -3.00 76.00 -64.00 102.00
-64.00 0.00 -60.00 -41.00 -24.00 -89.00 127.00 -55.00
25.00 5.00 3.00 -4.00 19.00 30.00 4.00 -112.00
26.00 3.00 -32.00 -100.00 -38.00 -1.00 -67.00 51.00
17.00 6.00 -19.00 -90.00 -9.00 26.00 -29.00 26.00
-3.00 10.00 42.00 108.00 59.00 43.00 8.00 0.00
-8.00 -9.00 1.00 2.00 20.00 -5.00 -21.00 -10.00
18.00 -5.00 -11.00 -60.00 4.00 -10.00 -25.00 2.00
-6.00 -5.00 -10.00 28.00 -2.00 -13.00 12.00 3.00
-2.00 1.00 -1.00 6.00 18.00 8.00 5.00 7.00
-8.00 -1.00 -2.00 -23.00 -3.00 -4.00 -15.00 -9.00
8.00 1.00 -3.00 -24.00 2.00 -2.00 -5.00 -1.00
2.00 2.00 4.00 40.00 13.00 5.00 0.00 -1.00
-2.00 -6.00 -8.00 -7.00 -4.00 -11.00 -7.00 -1.00
3.00 0.00 2.00 20.00 -12.00 4.00 0.00 8.00
-2.00 1.00 -3.00 -26.00 -9.00 -2.00 -12.00 -12.00
4.00 1.00 1.00 0.00 12.00 7.00 8.00 0.00
1.00 4.00 -3.00 -11.00 -1.00 -5.00 -11.00 -1.00
-1.00 -2.00 -5.00 -2.00 -3.00 2.00 4.00 5.00
