0.00 1.00 1.00 0.00 -5.00 -2.00 -1.00 0.00
0.00 -1.00 4.00 13.00 2.00 0.00 -1.00 -1.00
-1.00 1.00 4.00 -7.00 0.00 0.00 -3.00 -2.00
-3.00 -4.00 0.00 0.00 -3.00 -2.00 -3.00 -1.00
-1.00 -3.00 0.00 2.00 -11.00 -4.00 -1.00 0.00
4.00 12.00 5.00 5.00 1.00 -4.00 -41.00 33.00
46.00 38.00 5.00 -3.00 -7.00 -11.00 -120.00 9.00
-31.00 25.00 57.00 26.00 28.00 19.00 -31.00 -41.00
-1.00 -21.00 -14.00 -19.00 0.00 2.00 -37.00 -76.00
47.00 -20.00 -11.00 -18.00 -4.00 -11.00 -50.00 52.00
-72.00 -33.00 12.00 19.00 -4.00 -2.00 -72.00 -80.00
-8.00 14.00 8.00 21.00 0.00 -2.00 -14.00 9.00
-12.00 8.00 19.00 -11.00 24.00 -3.00 1.00 4.00
2.00 5.00 -5.00 -65.00 38.00 -3.00 -3.00 3.00
4.00 7.00 -2.00 -88.00 -9.00 18.00 8.00 7.00
-1.00 0.00 -12.00 -27.00 -18.00 -8.00 -12.00 2.00
3.00 5.00 9.00 55.00 11.00 -1.00 -18.00 0.00
-11.00 -3.00 -5.00 -72.00 -14.00 1.00 26.00 19.00
-1.00 -9.00 -2.00 37.00 -2.00 -5.00 0.00 2.00
-1.00 0.00 4.00 26.00 2.00 -5.00 -6.00 1.00
2.00 0.00 -14.00 9.00 -17.00 -3.00 -12.00 -7.00
1.00 9.00 4.00 12.00 0.00 0.00 -1.00 -7.00
-1.00 -2.00 -1.00 -2.00 -1.00 0.00 -1.00 -10.00
-1.00 -2.00 4.00 -6.00 -7.00 -1.00 -2.00 0.00
-3.00 -1.00 1.00 2.00 0.00 -3.00 -4.00 -25.00
-1.00 -3.00 -12.00 -13.00 3.00 1.00 0.00 4.00
