-1.00 -2.00 -4.00 -12.00 -16.00 -4.00 -2.00 -2.00
-1.00 0.00 1.00 0.00 1.00 -3.00 -1.00 -1.00
-1.00 0.00 -1.00 -4.00 -1.00 0.00 0.00 0.00
0.00 0.00 -2.00 9.00 8.00 2.00 2.00 2.00
1.00 -1.00 -3.00 2.00 7.00 -1.00 -3.00 -2.00
0.00 -2.00 1.00 15.00 9.00 -4.00 -2.00 -1.00
0.00 -1.00 -2.00 -1.00 1.00 2.00 2.00 0.00
0.00 0.00 3.00 20.00 -1.00 -1.00 -2.00 0.00
-1.00 0.00 0.00 2.00 -2.00 0.00 0.00 0.00
2.00 2.00 1.00 8.00 4.00 2.00 3.00 2.00
-2.00 -1.00 0.00 -5.00 4.00 -5.00 -4.00 -3.00
-1.00 0.00 2.00 7.00 -1.00 -2.00 -2.00 -1.00
-2.00 1.00 0.00 -12.00 0.00 3.00 -1.00 -1.00
0.00 -1.00 -3.00 7.00 3.00 2.00 2.00 -1.00
0.00 -1.00 2.00 -10.00 -13.00 -2.00 -5.00 -3.00
-1.00 -2.00 -8.00 -20.00 -4.00 0.00 -1.00 1.00
1.00 1.00 0.00 5.00 -7.00 0.00 -2.00 0.00
-1.00 0.00 5.00 28.00 5.00 -1.00 2.00 0.00
-10.00 -1.00 -2.00 -74.00 -3.00 -1.00 -9.00 -1.00
5.00 -9.00 -1.00 28.00 6.00 -12.00 -2.00 -2.00
-21.00 5.00 -35.00 34.00 40.00 -5.00 -5.00 0.00
7.00 -19.00 4.00 36.00 120.00 -33.00 -19.00 -14.00
9.00 5.00 -23.00 -47.00 -24.00 -3.00 0.00 4.00
-13.00 -7.00 -17.00 41.00 -44.00 -17.00 -4.00 -5.00
11.00 8.00 -13.00 -105.00 -21.00 13.00 4.00 5.00
19.00 14.00 17.00 -71.00 46.00 53.00 20.00 12.00
-10.00 -7.00 40.00 -61.00 57.00 -12.00 -13.00 -12.00
-4.00 0.00 23.00 -98.00 -64.00 -3.00 -6.00 -2.00
-4.00 -10.00 -23.00 50.00 -20.00 -3.00 2.00 2.00
-6.00 -15.00 -14.00 -128.00 -28.00 -18.00 -8.00 -7.00
-3.00 4.00 -2.00 8.00 -37.00 -10.00 -7.00 -5.00
2.00 -1.00 -5.00 -5.00 21.00 7.00 2.00 5.00
0.00 -1.00 0.00 -21.00 -11.00 1.00 -1.00 -1.00
-3.00 1.00 -3.00 -37.00 -3.00 2.00 -14.00 -14.00
2.00 -4.00 -4.00 0.00 1.00 0.00 7.00 4.00
4.00 1.00 -4.00 -33.00 -2.00 6.00 8.00 2.00
-2.00 1.00 3.00 38.00 9.00 -2.00 -2.00 -5.00
2.00 3.00 3.00 -18.00 -10.00 2.00 2.00 3.00
0.00 -3.00 -1.00 1.00 -1.00 1.00 1.00 0.00
-1.00 -1.00 -3.00 3.00 2.00 0.00 0.00 1.00
-1.00 0.00 0.00 -11.00 0.00 -1.00 0.00 0.00
-3.00 -6.00 -7.00 -1.00 1.00 2.00 0.00 -2.00
0.00 0.00 -2.00 -12.00 -3.00 -2.00 1.00 -1.00
2.00 1.00 0.00 5.00 4.00 -1.00 -1.00 1.00
0.00 -2.00 1.00 7.00 -2.00 -6.00 -4.00 0.00
-2.00 -2.00 -1.00 8.00 -14.00 -5.00 -1.00 0.00
-1.00 -1.00 -4.00 -8.00 2.00 -2.00 -2.00 -2.00
0.00 0.00 3.00 3.00 3.00 -1.00 -1.00 -1.00
-1.00 0.00 0.00 2.00 3.00 2.00 -1.00 1.00
1.00 -2.00 -3.00 -2.00 2.00 0.00 -2.00 -2.00
-1.00 0.00 0.00 -2.00 -9.00 -1.00 -2.00 -1.00
