-1.00 -2.00 0.00 3.00 -5.00 -3.00 -1.00 -2.00
1.00 2.00 1.00 1.00 3.00 0.00 -1.00 0.00
-4.00 -1.00 1.00 0.00 -5.00 -3.00 -2.00 -1.00
1.00 -1.00 -3.00 -1.00 1.00 0.00 0.00 2.00
0.00 0.00 1.00 2.00 -10.00 -1.00 -1.00 0.00
-1.00 -2.00 -4.00 -3.00 -4.00 -2.00 -2.00 -1.00
-1.00 1.00 1.00 -5.00 1.00 0.00 -1.00 0.00
-2.00 -2.00 -3.00 -7.00 0.00 -1.00 -1.00 -18.00
4.00 -4.00 -1.00 -1.00 0.00 1.00 -1.00 6.00
-2.00 1.00 5.00 9.00 5.00 0.00 0.00 -5.00
-10.00 3.00 1.00 6.00 3.00 2.00 5.00 8.00
70.00 5.00 0.00 -1.00 -1.00 -4.00 -29.00 2.00
24.00 -13.00 5.00 3.00 3.00 6.00 70.00 25.00
2.00 -4.00 -1.00 -7.00 -6.00 -10.00 -62.00 48.00
48.00 62.00 11.00 9.00 2.00 1.00 -85.00 -32.00
49.00 -13.00 -24.00 5.00 3.00 6.00 36.00 -61.00
-65.00 -21.00 20.00 -9.00 9.00 -8.00 -38.00 9.00
-95.00 19.00 -1.00 20.00 2.00 -4.00 19.00 48.00
2.00 8.00 -11.00 62.00 0.00 -2.00 15.00 42.00
19.00 13.00 11.00 -15.00 6.00 -1.00 -20.00 -7.00
-3.00 -5.00 -14.00 0.00 -3.00 1.00 -9.00 -3.00
7.00 7.00 8.00 54.00 -4.00 -4.00 -3.00 -1.00
1.00 3.00 5.00 -10.00 10.00 2.00 2.00 4.00
-1.00 -2.00 -9.00 -34.00 -8.00 -1.00 -13.00 -7.00
-2.00 1.00 -1.00 -29.00 -1.00 1.00 3.00 3.00
-1.00 -1.00 -2.00 -10.00 -7.00 -4.00 -4.00 4.00
0.00 -2.00 -11.00 -31.00 6.00 4.00 -4.00 -2.00
-1.00 -1.00 -1.00 -6.00 -3.00 0.00 -4.00 -15.00
-2.00 -1.00 -2.00 -20.00 -5.00 0.00 1.00 1.00
0.00 -1.00 -3.00 -11.00 1.00 1.00 -5.00 0.00
-1.00 -2.00 -4.00 3.00 -3.00 -1.00 -4.00 2.00
2.00 0.00 2.00 4.00 2.00 -2.00 -3.00 10.00
-2.00 0.00 2.00 -10.00 -5.00 -4.00 3.00 3.00
0.00 0.00 -1.00 4.00 -4.00 -2.00 1.00 3.00
-2.00 1.00 -1.00 5.00 -3.00 0.00 -2.00 -1.00
0.00 2.00 -1.00 -4.00 2.00 0.00 1.00 3.00
