0.00 -2.00 -2.00 2.00 -4.00 -2.00 -3.00 -4.00
0.00 0.00 0.00 -4.00 -5.00 0.00 -2.00 -6.00
-1.00 -2.00 -2.00 -1.00 0.00 -4.00 0.00 4.00
-1.00 0.00 0.00 -12.00 2.00 -4.00 -4.00 -5.00
1.00 1.00 1.00 1.00 2.00 1.00 -4.00 1.00
-1.00 -4.00 -4.00 -15.00 -4.00 1.00 4.00 -5.00
-1.00 -1.00 -2.00 -7.00 -3.00 -4.00 -7.00 -6.00
0.00 0.00 1.00 29.00 -2.00 -8.00 -2.00 -2.00
-1.00 1.00 4.00 9.00 -1.00 -3.00 -3.00 2.00
2.00 2.00 -2.00 -20.00 2.00 10.00 5.00 6.00
3.00 2.00 -1.00 -39.00 2.00 10.00 12.00 7.00
1.00 0.00 5.00 -90.00 -16.00 -3.00 -3.00 2.00
-6.00 -5.00 10.00 21.00 -53.00 -24.00 -13.00 -9.00
-1.00 1.00 35.00 -14.00 127.00 -12.00 -7.00 -3.00
-14.00 -14.00 -4.00 35.00 20.00 -11.00 -10.00 -14.00
23.00 39.00 25.00 119.00 -54.00 51.00 30.00 21.00
-5.00 -8.00 -28.00 6.00 7.00 -6.00 -21.00 -15.00
1.00 4.00 44.00 -58.00 -80.00 -20.00 -8.00 -2.00
6.00 1.00 7.00 -15.00 -5.00 15.00 11.00 8.00
-6.00 -2.00 12.00 -64.00 -48.00 -14.00 -13.00 -7.00
-6.00 -6.00 -9.00 -93.00 -76.00 -19.00 6.00 -3.00
11.00 19.00 56.00 -58.00 10.00 31.00 20.00 12.00
3.00 -6.00 -76.00 11.00 111.00 27.00 11.00 6.00
4.00 3.00 -26.00 -62.00 70.00 43.00 -2.00 6.00
-1.00 15.00 77.00 15.00 -72.00 -74.00 -10.00 -8.00
18.00 20.00 18.00 125.00 127.00 85.00 49.00 20.00
-3.00 -5.00 -98.00 -99.00 -128.00 -33.00 -22.00 0.00
17.00 32.00 93.00 -109.00 56.00 38.00 18.00 8.00
2.00 5.00 61.00 18.00 -11.00 -20.00 -8.00 -3.00
-19.00 -18.00 24.00 20.00 28.00 7.00 -8.00 -19.00
9.00 -3.00 -48.00 16.00 -41.00 53.00 25.00 12.00
-16.00 -23.00 -19.00 -75.00 -11.00 -2.00 -19.00 -13.00
6.00 -2.00 -48.00 13.00 21.00 12.00 7.00 6.00
-14.00 -24.00 -88.00 -65.00 -27.00 -20.00 -10.00 -10.00
0.00 5.00 38.00 92.00 8.00 -14.00 -4.00 -3.00
0.00 3.00 23.00 -44.00 -16.00 -14.00 -8.00 -2.00
-51.00 -9.00 -2.00 37.00 3.00 -1.00 12.00 -4.00
-30.00 2.00 -5.00 30.00 1.00 -18.00 -29.00 -4.00
17.00 2.00 18.00 -1.00 6.00 5.00 20.00 17.00
9.00 -1.00 -1.00 -31.00 -2.00 -9.00 -3.00 -3.00
-17.00 -6.00 -11.00 18.00 -22.00 -7.00 0.00 -7.00
8.00 7.00 2.00 9.00 -1.00 0.00 11.00 0.00
3.00 -2.00 0.00 -4.00 2.00 2.00 -2.00 -2.00
3.00 -2.00 -1.00 -18.00 3.00 0.00 -11.00 -24.00
0.00 -2.00 0.00 -11.00 -10.00 -8.00 0.00 4.00
8.00 -2.00 -2.00 -6.00 -6.00 -1.00 0.00 0.00
-1.00 1.00 1.00 -4.00 2.00 -1.00 -3.00 0.00
-1.00 -3.00 1.00 4.00 -1.00 3.00 3.00 -2.00
0.00 -1.00 2.00 -1.00 -4.00 -4.00 -4.00 -7.00
-2.00 -1.00 0.00 1.00 -2.00 -4.00 0.00 -5.00
-2.00 -1.00 -2.00 -2.00 -4.00 -4.00 -1.00 -1.00
