1.00 -1.00 -4.00 7.00 2.00 2.00 2.00 1.00
-2.00 -3.00 -4.00 1.00 -6.00 -1.00 -4.00 -2.00
1.00 0.00 -2.00 9.00 0.00 -1.00 -1.00 0.00
-2.00 -4.00 -2.00 14.00 -2.00 -4.00 -4.00 -3.00
-1.00 2.00 3.00 8.00 2.00 -1.00 -3.00 -2.00
0.00 -2.00 0.00 -6.00 -2.00 -1.00 1.00 0.00
0.00 1.00 3.00 6.00 -5.00 -2.00 -2.00 0.00
-2.00 -2.00 -5.00 9.00 3.00 0.00 1.00 -2.00
-1.00 0.00 -3.00 1.00 0.00 -1.00 -3.00 -3.00
-2.00 -5.00 -8.00 -4.00 -2.00 -2.00 0.00 3.00
34.00 11.00 3.00 -1.00 4.00 9.00 20.00 65.00
-5.00 1.00 -14.00 -9.00 -7.00 -13.00 -80.00 -76.00
-105.00 -28.00 -5.00 -6.00 5.00 26.00 127.00 -56.00
-24.00 -23.00 7.00 0.00 -5.00 -15.00 -93.00 -26.00
32.00 26.00 -13.00 0.00 2.00 0.00 -86.00 79.00
-22.00 -15.00 10.00 2.00 4.00 10.00 36.00 -49.00
8.00 -17.00 -3.00 20.00 1.00 2.00 21.00 17.00
1.00 -3.00 -2.00 -34.00 -52.00 -9.00 14.00 16.00
6.00 -3.00 0.00 -13.00 32.00 10.00 8.00 4.00
-1.00 -4.00 1.00 -28.00 0.00 3.00 -2.00 1.00
-1.00 0.00 1.00 36.00 8.00 0.00 2.00 1.00
0.00 1.00 -1.00 -26.00 15.00 6.00 3.00 0.00
-1.00 0.00 1.00 -4.00 2.00 -2.00 0.00 -1.00
0.00 0.00 0.00 -10.00 5.00 1.00 -5.00 -19.00
0.00 -1.00 1.00 28.00 0.00 -2.00 -1.00 1.00
0.00 1.00 -1.00 17.00 2.00 1.00 -1.00 2.00
0.00 2.00 3.00 5.00 8.00 0.00 0.00 5.00
-1.00 0.00 -1.00 -2.00 -7.00 -3.00 -2.00 -2.00
1.00 -2.00 -4.00 -1.00 -1.00 0.00 -1.00 0.00
-2.00 -1.00 2.00 12.00 1.00 1.00 -4.00 -3.00
-1.00 0.00 -1.00 1.00 -3.00 2.00 1.00 0.00
0.00 -3.00 -2.00 10.00 1.00 -2.00 1.00 2.00
0.00 1.00 3.00 -8.00 0.00 -1.00 -1.00 -1.00
0.00 0.00 6.00 12.00 -3.00 0.00 -1.00 -1.00
-2.00 0.00 -2.00 3.00 6.00 2.00 1.00 -1.00
-1.00 -1.00 -3.00 -2.00 -4.00 1.00 -1.00 0.00
