-1.00 -1.00 -2.00 10.00 4.00 -4.00 -11.00 -2.00
-23.00 -13.00 -6.00 -17.00 -2.00 -2.00 0.00 1.00
1.00 -1.00 -4.00 -5.00 -4.00 2.00 3.00 -3.00
0.00 0.00 2.00 9.00 1.00 0.00 1.00 5.00
0.00 0.00 -2.00 2.00 -7.00 -3.00 -7.00 0.00
2.00 3.00 0.00 -7.00 2.00 0.00 3.00 2.00
6.00 4.00 1.00 4.00 0.00 2.00 -1.00 -5.00
-3.00 -2.00 0.00 10.00 4.00 -1.00 -3.00 4.00
17.00 10.00 1.00 3.00 4.00 -4.00 0.00 58.00
15.00 5.00 -1.00 -4.00 2.00 1.00 -7.00 -6.00
-6.00 13.00 -1.00 0.00 2.00 3.00 25.00 34.00
6.00 -4.00 8.00 -4.00 -1.00 0.00 27.00 -47.00
91.00 18.00 -1.00 -1.00 2.00 13.00 87.00 98.00
19.00 49.00 1.00 8.00 6.00 8.00 8.00 28.00
45.00 12.00 -16.00 -22.00 -6.00 -1.00 59.00 39.00
-88.00 -78.00 -4.00 25.00 4.00 0.00 -6.00 -128.00
45.00 14.00 -2.00 -48.00 0.00 4.00 -27.00 54.00
24.00 -49.00 19.00 78.00 -16.00 -16.00 -34.00 87.00
-99.00 -53.00 27.00 -71.00 15.00 -21.00 -71.00 74.00
67.00 78.00 -8.00 -53.00 -14.00 14.00 75.00 -72.00
-88.00 -35.00 15.00 -23.00 4.00 16.00 101.00 -107.00
62.00 6.00 -2.00 -18.00 -8.00 -5.00 -54.00 45.00
-36.00 32.00 19.00 51.00 13.00 0.00 -69.00 19.00
-89.00 -78.00 -7.00 -34.00 -7.00 -7.00 17.00 -80.00
-14.00 27.00 8.00 86.00 -6.00 -21.00 -102.00 79.00
79.00 24.00 7.00 -71.00 3.00 33.00 127.00 87.00
-53.00 -80.00 -23.00 35.00 2.00 0.00 -72.00 36.00
20.00 -10.00 10.00 -12.00 -5.00 -7.00 -31.00 -48.00
15.00 32.00 20.00 -4.00 7.00 7.00 86.00 38.00
92.00 40.00 -17.00 -97.00 -15.00 5.00 53.00 73.00
73.00 52.00 25.00 -66.00 -2.00 3.00 16.00 91.00
-110.00 2.00 23.00 -43.00 -14.00 -18.00 -88.00 -65.00
6.00 5.00 -26.00 43.00 -15.00 -17.00 -99.00 -78.00
-77.00 -6.00 -1.00 47.00 -4.00 -28.00 -114.00 14.00
108.00 26.00 12.00 4.00 3.00 6.00 -12.00 34.00
-70.00 15.00 -5.00 53.00 4.00 -19.00 -95.00 98.00
-73.00 -36.00 -72.00 -127.00 -22.00 3.00 20.00 -39.00
38.00 -16.00 10.00 69.00 15.00 15.00 8.00 56.00
60.00 -16.00 -40.00 -39.00 -20.00 6.00 55.00 79.00
48.00 74.00 24.00 22.00 -6.00 -15.00 -38.00 7.00
91.00 16.00 -11.00 -42.00 7.00 0.00 -6.00 44.00
-14.00 -17.00 37.00 70.00 10.00 11.00 20.00 -23.00
29.00 -13.00 -11.00 -108.00 -4.00 5.00 35.00 73.00
-8.00 8.00 0.00 45.00 -2.00 -2.00 7.00 0.00
1.00 -3.00 -8.00 -4.00 20.00 -11.00 1.00 1.00
-3.00 2.00 -3.00 -51.00 61.00 -6.00 6.00 -13.00
-2.00 1.00 14.00 67.00 -27.00 -3.00 -7.00 11.00
-2.00 -1.00 0.00 53.00 -12.00 -5.00 0.00 -2.00
2.00 1.00 -2.00 -95.00 0.00 4.00 4.00 -3.00
-2.00 2.00 6.00 23.00 -3.00 -7.00 5.00 3.00
-2.00 2.00 0.00 -16.00 0.00 3.00 -10.00 -1.00
-2.00 -1.00 -3.00 13.00 -4.00 -6.00 -6.00 -5.00
-2.00 -4.00 -2.00 65.00 -6.00 -4.00 -15.00 -8.00
3.00 -2.00 -4.00 3.00 -10.00 -1.00 1.00 3.00
-1.00 -1.00 2.00 -19.00 4.00 -1.00 0.00 -3.00
0.00 -4.00 -2.00 -11.00 -8.00 1.00 5.00 7.00
-2.00 -1.00 -2.00 8.00 6.00 2.00 8.00 1.00
2.00 1.00 1.00 17.00 9.00 0.00 8.00 14.00
-1.00 2.00 -5.00 7.00 4.00 -3.00 6.00 8.00
-1.00 -4.00 -6.00 -17.00 -13.00 -4.00 -9.00 3.00
1.00 3.00 1.00 10.00 2.00 -2.00 -9.00 -2.00
