2.00 0.00 -3.00 -8.00 -3.00 2.00 -2.00 2.00
0.00 -2.00 1.00 -12.00 -16.00 -2.00 0.00 0.00
2.00 1.00 -3.00 -13.00 -18.00 -1.00 5.00 0.00
-2.00 -1.00 1.00 9.00 6.00 1.00 0.00 -1.00
-1.00 1.00 2.00 -3.00 -1.00 -2.00 -6.00 -2.00
1.00 -2.00 1.00 6.00 3.00 -3.00 -3.00 -2.00
0.00 0.00 -3.00 -3.00 -3.00 -2.00 1.00 0.00
1.00 -1.00 0.00 6.00 3.00 0.00 0.00 -1.00
-3.00 -2.00 -1.00 -10.00 -8.00 -2.00 3.00 0.00
-2.00 -1.00 1.00 10.00 -1.00 -3.00 -3.00 -1.00
-1.00 -2.00 -3.00 -6.00 1.00 -3.00 0.00 0.00
3.00 1.00 -3.00 -45.00 -11.00 3.00 0.00 1.00
-10.00 -3.00 -6.00 108.00 6.00 -3.00 -2.00 -1.00
-10.00 -6.00 15.00 41.00 25.00 6.00 -4.00 -14.00
9.00 -2.00 -19.00 -79.00 -36.00 -3.00 2.00 -1.00
31.00 -12.00 -45.00 -58.00 -89.00 -21.00 -12.00 -1.00
-9.00 14.00 9.00 -57.00 30.00 36.00 18.00 11.00
-16.00 -6.00 -32.00 -58.00 3.00 -8.00 -10.00 -5.00
-5.00 -1.00 15.00 121.00 87.00 -2.00 -3.00 -3.00
-3.00 -2.00 -16.00 -53.00 8.00 10.00 1.00 1.00
2.00 6.00 -2.00 12.00 -37.00 4.00 4.00 4.00
-3.00 -3.00 3.00 115.00 62.00 -4.00 -5.00 -5.00
1.00 1.00 -2.00 -6.00 -17.00 1.00 2.00 0.00
0.00 2.00 3.00 -23.00 -9.00 6.00 1.00 0.00
1.00 2.00 2.00 8.00 3.00 -3.00 -1.00 3.00
-1.00 -4.00 -1.00 -3.00 8.00 1.00 1.00 -2.00
2.00 -1.00 -1.00 3.00 3.00 2.00 0.00 4.00
3.00 -2.00 -1.00 37.00 2.00 -2.00 0.00 0.00
-1.00 -1.00 4.00 10.00 -5.00 0.00 2.00 0.00
1.00 0.00 0.00 -10.00 0.00 1.00 4.00 2.00
-3.00 -2.00 -7.00 -94.00 -3.00 1.00 -3.00 -3.00
0.00 -3.00 -4.00 -27.00 -10.00 0.00 1.00 0.00
-2.00 -3.00 -4.00 7.00 -2.00 0.00 -2.00 0.00
-3.00 3.00 -1.00 -26.00 -6.00 -3.00 -1.00 0.00
0.00 -1.00 -2.00 -3.00 -1.00 3.00 6.00 1.00
0.00 0.00 -3.00 7.00 8.00 -1.00 -1.00 -1.00
0.00 -1.00 -2.00 -13.00 1.00 1.00 1.00 0.00
-1.00 0.00 2.00 -2.00 -11.00 -3.00 0.00 0.00
0.00 -2.00 -6.00 -21.00 3.00 -2.00 -2.00 1.00
-2.00 -4.00 -1.00 -21.00 -9.00 -2.00 0.00 3.00
0.00 -2.00 1.00 8.00 -8.00 -5.00 -4.00 -2.00
-2.00 0.00 1.00 3.00 2.00 1.00 1.00 -1.00
2.00 2.00 2.00 6.00 3.00 3.00 1.00 0.00
-1.00 -2.00 -3.00 7.00 -1.00 -2.00 -2.00 0.00
-1.00 -1.00 -5.00 -24.00 -10.00 0.00 3.00 1.00
-2.00 -1.00 5.00 21.00 4.00 -2.00 0.00 -1.00
0.00 -2.00 -3.00 -9.00 -7.00 -1.00 -4.00 -2.00
0.00 -1.00 0.00 9.00 2.00 -5.00 -2.00 -2.00
0.00 1.00 -4.00 -12.00 11.00 1.00 4.00 0.00
-1.00 -2.00 -4.00 -3.00 3.00 3.00 -1.00 0.00
1.00 -3.00 -2.00 -1.00 -7.00 2.00 0.00 2.00
