-4.00 -2.00 -4.00 -30.00 -5.00 -2.00 1.00 -21.00
-1.00 0.00 1.00 -3.00 -3.00 1.00 5.00 1.00
0.00 0.00 2.00 1.00 5.00 4.00 3.00 2.00
0.00 -1.00 0.00 5.00 1.00 -5.00 -8.00 -3.00
0.00 1.00 -1.00 -1.00 -2.00 0.00 4.00 -7.00
-2.00 1.00 -1.00 -10.00 -3.00 -2.00 -3.00 0.00
-2.00 -1.00 -2.00 7.00 -3.00 -4.00 -1.00 0.00
2.00 -1.00 2.00 -7.00 0.00 2.00 6.00 9.00
-2.00 -4.00 -6.00 -18.00 1.00 0.00 -2.00 1.00
0.00 0.00 0.00 -1.00 1.00 0.00 -6.00 -1.00
-1.00 -3.00 -3.00 -18.00 -11.00 -5.00 -4.00 -4.00
-1.00 0.00 1.00 -4.00 -8.00 -1.00 -3.00 0.00
0.00 0.00 -1.00 -4.00 1.00 4.00 7.00 0.00
1.00 3.00 7.00 4.00 7.00 7.00 0.00 -4.00
1.00 -1.00 -3.00 26.00 9.00 9.00 4.00 2.00
-3.00 -6.00 -15.00 -57.00 -16.00 -10.00 0.00 2.00
4.00 0.00 19.00 -45.00 -15.00 4.00 -1.00 -2.00
-22.00 -14.00 60.00 99.00 74.00 -29.00 -20.00 -14.00
-6.00 -10.00 -21.00 46.00 -28.00 -11.00 -9.00 -9.00
14.00 1.00 -16.00 -95.00 -75.00 -12.00 0.00 1.00
-12.00 -20.00 9.00 51.00 -54.00 -13.00 -17.00 -13.00
-21.00 -16.00 -7.00 -42.00 32.00 -4.00 -16.00 -14.00
-8.00 3.00 -28.00 57.00 95.00 -15.00 -2.00 -2.00
4.00 1.00 -16.00 -82.00 -79.00 -6.00 11.00 2.00
-16.00 -25.00 -29.00 -25.00 -49.00 -35.00 -22.00 -15.00
1.00 -5.00 5.00 22.00 4.00 19.00 7.00 3.00
16.00 -5.00 -13.00 93.00 45.00 -12.00 1.00 0.00
-4.00 -4.00 -4.00 -40.00 -1.00 -10.00 -4.00 -1.00
-4.00 -4.00 -5.00 -21.00 -27.00 -3.00 -5.00 -2.00
-17.00 -1.00 4.00 -28.00 -3.00 -2.00 -12.00 18.00
0.00 -3.00 4.00 65.00 0.00 -2.00 17.00 9.00
1.00 -3.00 -4.00 -88.00 -6.00 -3.00 -10.00 3.00
3.00 1.00 -1.00 8.00 0.00 0.00 -11.00 4.00
-4.00 -4.00 -5.00 -51.00 3.00 -5.00 -6.00 -8.00
-2.00 1.00 4.00 19.00 3.00 1.00 0.00 -6.00
-1.00 -1.00 -3.00 -28.00 -10.00 -1.00 -8.00 -8.00
-2.00 -2.00 -3.00 5.00 6.00 -1.00 1.00 3.00
-1.00 0.00 0.00 -4.00 4.00 2.00 0.00 -10.00
-4.00 -2.00 -3.00 13.00 6.00 0.00 7.00 7.00
1.00 -1.00 5.00 -2.00 2.00 -5.00 -7.00 3.00
0.00 1.00 1.00 -3.00 -2.00 -1.00 0.00 6.00
1.00 -1.00 -3.00 2.00 -5.00 -4.00 0.00 2.00
-2.00 0.00 -5.00 0.00 6.00 -1.00 -3.00 -9.00
0.00 -2.00 0.00 -4.00 -3.00 0.00 4.00 2.00
2.00 -1.00 -1.00 1.00 0.00 -1.00 -3.00 1.00
-3.00 -2.00 -2.00 13.00 -7.00 -3.00 1.00 1.00
