2.00 -1.00 3.00 9.00 0.00 -5.00 -11.00 -1.00
0.00 1.00 0.00 -3.00 -7.00 -1.00 7.00 -5.00
-3.00 0.00 1.00 -17.00 -13.00 -7.00 -16.00 -13.00
-2.00 1.00 -7.00 -10.00 -1.00 -2.00 -10.00 -1.00
-3.00 -5.00 -7.00 -3.00 -4.00 -7.00 -12.00 -1.00
-1.00 1.00 1.00 31.00 6.00 2.00 0.00 10.00
-2.00 -4.00 -3.00 -27.00 -11.00 -7.00 -5.00 3.00
5.00 -4.00 -2.00 1.00 3.00 0.00 -13.00 -9.00
0.00 -2.00 5.00 21.00 -1.00 -3.00 -5.00 2.00
-18.00 -9.00 0.00 0.00 -2.00 -8.00 -7.00 3.00
-10.00 -5.00 -2.00 15.00 5.00 1.00 13.00 -9.00
-17.00 -1.00 -3.00 9.00 1.00 -6.00 -28.00 -44.00
-10.00 -1.00 -3.00 1.00 1.00 -1.00 -7.00 -21.00
1.00 7.00 -5.00 2.00 -4.00 6.00 34.00 3.00
-92.00 -10.00 2.00 14.00 -5.00 -2.00 13.00 -80.00
67.00 -3.00 -7.00 -12.00 -6.00 -3.00 -20.00 -78.00
-42.00 8.00 16.00 1.00 -3.00 16.00 76.00 -18.00
-52.00 -42.00 0.00 3.00 1.00 -13.00 -92.00 -59.00
85.00 27.00 -10.00 -5.00 -7.00 -18.00 -90.00 -6.00
-118.00 -13.00 -10.00 25.00 -6.00 -14.00 -34.00 10.00
124.00 54.00 -13.00 -70.00 -5.00 13.00 126.00 33.00
99.00 48.00 -1.00 -11.00 -9.00 -12.00 -4.00 -3.00
-90.00 -9.00 -7.00 -31.00 -6.00 -18.00 -21.00 22.00
-25.00 -13.00 4.00 89.00 24.00 5.00 -26.00 -56.00
92.00 63.00 31.00 25.00 16.00 12.00 -30.00 79.00
-50.00 -5.00 6.00 -41.00 1.00 -5.00 -38.00 -95.00
118.00 47.00 4.00 -16.00 4.00 17.00 115.00 115.00
0.00 1.00 9.00 39.00 17.00 13.00 68.00 40.00
-20.00 -31.00 1.00 33.00 -2.00 -12.00 -41.00 59.00
37.00 12.00 -11.00 17.00 -4.00 -12.00 -38.00 10.00
-21.00 14.00 -2.00 -30.00 -5.00 0.00 -2.00 -10.00
-13.00 1.00 23.00 -60.00 -13.00 -5.00 -27.00 -51.00
-89.00 12.00 -1.00 4.00 10.00 1.00 10.00 -42.00
-36.00 -6.00 -3.00 35.00 9.00 9.00 -4.00 20.00
10.00 5.00 18.00 -16.00 0.00 1.00 -17.00 -21.00
8.00 -5.00 -26.00 -88.00 -33.00 7.00 12.00 2.00
6.00 2.00 6.00 -32.00 9.00 6.00 14.00 6.00
10.00 5.00 1.00 -32.00 -6.00 2.00 3.00 1.00
4.00 2.00 -2.00 -55.00 -4.00 7.00 1.00 11.00
-6.00 -6.00 -3.00 -19.00 -36.00 -10.00 1.00 -10.00
0.00 -1.00 -3.00 -27.00 -2.00 -4.00 -12.00 5.00
13.00 -1.00 7.00 17.00 17.00 5.00 -3.00 -5.00
-2.00 0.00 1.00 -3.00 -7.00 -5.00 -21.00 3.00
-2.00 -3.00 -10.00 -9.00 -5.00 -6.00 -11.00 2.00
2.00 -1.00 -2.00 -3.00 -5.00 0.00 2.00 3.00
-3.00 -5.00 5.00 4.00 -12.00 -7.00 -6.00 -8.00
-8.00 -3.00 2.00 -14.00 1.00 5.00 37.00 4.00
-6.00 -4.00 3.00 56.00 -3.00 -10.00 -18.00 -2.00
-6.00 -8.00 -3.00 0.00 -2.00 -3.00 3.00 -10.00
0.00 1.00 3.00 25.00 23.00 2.00 -10.00 7.00
2.00 2.00 -1.00 1.00 -9.00 -4.00 -12.00 -7.00
-2.00 2.00 6.00 -13.00 0.00 5.00 2.00 -1.00
2.00 1.00 -4.00 4.00 -6.00 -7.00 7.00 13.00
1.00 -2.00 1.00 3.00 -7.00 -3.00 -9.00 -2.00
-1.00 1.00 4.00 -13.00 0.00 -7.00 -18.00 -13.00
2.00 2.00 1.00 11.00 4.00 -2.00 -10.00 -1.00
0.00 0.00 0.00 34.00 4.00 0.00 2.00 2.00
-7.00 -2.00 0.00 7.00 7.00 1.00 6.00 0.00
1.00 -1.00 -5.00 -16.00 4.00 -2.00 12.00 2.00
0.00 -2.00 -2.00 -1.00 -2.00 -3.00 -6.00 3.00
-6.00 -3.00 -3.00 -19.00 -15.00 -5.00 -8.00 -1.00
