-1.00 -3.00 -5.00 -7.00 -3.00 0.00 2.00 5.00
-2.00 -2.00 -2.00 -12.00 -2.00 -1.00 7.00 -3.00
-1.00 2.00 1.00 -2.00 -1.00 3.00 2.00 -2.00
-2.00 -1.00 1.00 5.00 4.00 6.00 -2.00 0.00
2.00 5.00 7.00 5.00 4.00 3.00 10.00 3.00
4.00 0.00 -17.00 -26.00 -20.00 -6.00 2.00 2.00
-14.00 -11.00 61.00 -70.00 -43.00 -44.00 -19.00 -15.00
2.00 -7.00 -76.00 71.00 15.00 7.00 13.00 9.00
-12.00 -23.00 -86.00 -9.00 32.00 -29.00 -19.00 -11.00
-16.00 -24.00 -85.00 -25.00 31.00 -53.00 -38.00 -19.00
0.00 3.00 34.00 31.00 -10.00 -27.00 -2.00 -4.00
11.00 18.00 68.00 37.00 59.00 4.00 9.00 13.00
6.00 10.00 52.00 39.00 -36.00 -19.00 -8.00 3.00
-11.00 -7.00 24.00 -87.00 20.00 6.00 -18.00 -6.00
-10.00 -14.00 -19.00 13.00 -62.00 -14.00 -4.00 -10.00
3.00 3.00 -51.00 75.00 80.00 -12.00 -6.00 6.00
-16.00 -20.00 11.00 -29.00 41.00 -37.00 -19.00 -17.00
19.00 1.00 6.00 -48.00 -40.00 -10.00 -34.00 0.00
5.00 6.00 -35.00 -22.00 -104.00 23.00 41.00 12.00
-10.00 -10.00 -6.00 114.00 47.00 -7.00 -3.00 -8.00
3.00 5.00 -50.00 -25.00 -5.00 34.00 13.00 4.00
-4.00 2.00 86.00 117.00 10.00 -19.00 1.00 1.00
2.00 5.00 -24.00 -43.00 -98.00 -2.00 -30.00 -4.00
7.00 5.00 41.00 42.00 45.00 59.00 58.00 7.00
12.00 18.00 115.00 92.00 88.00 53.00 49.00 13.00
3.00 2.00 -76.00 -55.00 -41.00 46.00 -62.00 -1.00
-5.00 -10.00 -14.00 -124.00 -75.00 -47.00 23.00 -7.00
14.00 -2.00 -51.00 -47.00 55.00 22.00 1.00 1.00
3.00 4.00 16.00 -74.00 38.00 -35.00 28.00 11.00
-11.00 -16.00 8.00 89.00 -9.00 -57.00 -8.00 -6.00
-2.00 6.00 10.00 33.00 -82.00 -26.00 71.00 1.00
-12.00 -13.00 11.00 71.00 27.00 -4.00 -17.00 -11.00
0.00 -1.00 0.00 59.00 18.00 6.00 -5.00 0.00
4.00 9.00 62.00 -16.00 13.00 11.00 -6.00 -9.00
5.00 0.00 -14.00 -4.00 -4.00 3.00 20.00 34.00
-2.00 0.00 -3.00 -3.00 -7.00 -8.00 -58.00 -7.00
-2.00 -2.00 -21.00 -1.00 -3.00 1.00 21.00 -22.00
0.00 1.00 54.00 1.00 -1.00 -1.00 -8.00 16.00
-1.00 -1.00 -9.00 23.00 1.00 0.00 -22.00 -8.00
-2.00 0.00 -4.00 -7.00 4.00 4.00 -5.00 -12.00
-1.00 -2.00 -4.00 -8.00 4.00 4.00 18.00 15.00
-2.00 -1.00 -4.00 -10.00 -22.00 2.00 3.00 -1.00
0.00 2.00 0.00 11.00 8.00 -1.00 4.00 12.00
0.00 2.00 1.00 14.00 -11.00 -5.00 -6.00 -3.00
-2.00 -2.00 -2.00 -25.00 -1.00 2.00 1.00 10.00
-2.00 -3.00 -4.00 -29.00 0.00 -6.00 5.00 -9.00
0.00 1.00 3.00 -7.00 -14.00 -4.00 1.00 8.00
-2.00 -1.00 -11.00 25.00 -20.00 8.00 8.00 -4.00
2.00 1.00 -1.00 15.00 7.00 -2.00 0.00 -13.00
-3.00 0.00 0.00 -1.00 2.00 -1.00 -2.00 2.00
0.00 -1.00 -1.00 -7.00 4.00 6.00 3.00 28.00
