-4.00 -4.00 0.00 -1.00 26.00 5.00 2.00 -2.00
-1.00 0.00 -4.00 -4.00 7.00 -1.00 0.00 1.00
4.00 0.00 2.00 -3.00 -12.00 0.00 0.00 2.00
-2.00 -2.00 -5.00 -14.00 -9.00 -6.00 -3.00 -3.00
2.00 -1.00 7.00 1.00 11.00 5.00 -2.00 1.00
3.00 0.00 -1.00 3.00 20.00 5.00 0.00 0.00
2.00 2.00 14.00 4.00 -6.00 -5.00 -3.00 1.00
13.00 -2.00 2.00 12.00 -13.00 0.00 -2.00 -3.00
2.00 -1.00 -24.00 16.00 -30.00 -4.00 1.00 1.00
16.00 -1.00 0.00 7.00 1.00 -7.00 -1.00 -1.00
-4.00 -5.00 -2.00 -11.00 3.00 2.00 3.00 1.00
2.00 0.00 -2.00 3.00 -6.00 1.00 -3.00 -1.00
9.00 3.00 7.00 1.00 3.00 -1.00 1.00 2.00
23.00 -1.00 -3.00 14.00 19.00 -1.00 0.00 -1.00
-4.00 1.00 5.00 -4.00 -20.00 -7.00 -5.00 0.00
-6.00 -2.00 -10.00 -2.00 18.00 1.00 1.00 0.00
2.00 0.00 -7.00 -7.00 19.00 3.00 -2.00 1.00
1.00 -2.00 -10.00 -13.00 6.00 6.00 2.00 2.00
-3.00 -1.00 -5.00 6.00 -2.00 1.00 1.00 0.00
1.00 2.00 4.00 3.00 11.00 1.00 2.00 -2.00
1.00 -2.00 -1.00 9.00 -10.00 2.00 1.00 -1.00
0.00 3.00 9.00 14.00 8.00 -3.00 -5.00 0.00
-68.00 -4.00 0.00 -11.00 -25.00 -5.00 -3.00 -12.00
-6.00 -2.00 -3.00 -6.00 0.00 -1.00 1.00 10.00
16.00 0.00 16.00 68.00 25.00 10.00 1.00 0.00
3.00 -1.00 -6.00 -24.00 4.00 9.00 0.00 4.00
-3.00 0.00 7.00 -14.00 -20.00 0.00 2.00 1.00
-1.00 2.00 0.00 -92.00 -2.00 2.00 3.00 3.00
-4.00 0.00 4.00 76.00 -17.00 2.00 2.00 -1.00
3.00 -2.00 -30.00 -102.00 -20.00 8.00 6.00 2.00
8.00 0.00 14.00 110.00 -1.00 -17.00 -12.00 -5.00
-2.00 -3.00 14.00 -4.00 59.00 3.00 3.00 0.00
14.00 30.00 103.00 29.00 123.00 47.00 22.00 11.00
9.00 -1.00 17.00 -23.00 8.00 -15.00 -5.00 11.00
-14.00 -10.00 -24.00 10.00 28.00 4.00 2.00 -10.00
-7.00 -12.00 -71.00 -1.00 -68.00 -27.00 -11.00 -9.00
1.00 1.00 4.00 5.00 10.00 11.00 2.00 0.00
-6.00 -1.00 -2.00 2.00 -15.00 -2.00 -3.00 -13.00
24.00 6.00 6.00 -7.00 1.00 -1.00 4.00 -2.00
-9.00 0.00 3.00 -2.00 -7.00 -5.00 -19.00 -14.00
-5.00 0.00 0.00 7.00 6.00 19.00 14.00 3.00
-10.00 -1.00 2.00 -4.00 -3.00 -8.00 9.00 8.00
0.00 -3.00 -3.00 -22.00 5.00 -4.00 -7.00 3.00
1.00 -3.00 -2.00 23.00 13.00 -1.00 0.00 2.00
4.00 1.00 -1.00 -13.00 6.00 4.00 2.00 1.00
2.00 2.00 2.00 11.00 -26.00 3.00 0.00 -1.00
-1.00 0.00 -4.00 0.00 7.00 -2.00 -1.00 0.00
-2.00 0.00 -2.00 8.00 -14.00 -3.00 -4.00 -9.00
-2.00 -1.00 -2.00 -16.00 -27.00 -8.00 -2.00 -2.00
2.00 -2.00 0.00 2.00 1.00 -1.00 -9.00 -6.00
-2.00 -2.00 -3.00 -19.00 3.00 2.00 1.00 1.00
-3.00 -3.00 -2.00 5.00 0.00 2.00 -3.00 -18.00
-5.00 -5.00 -2.00 3.00 -2.00 0.00 -1.00 2.00
-2.00 -1.00 -2.00 4.00 -4.00 0.00 -2.00 1.00
0.00 -1.00 1.00 -8.00 1.00 -1.00 -2.00 -1.00
2.00 -1.00 -3.00 -7.00 -5.00 1.00 -1.00 1.00
-1.00 1.00 0.00 -3.00 6.00 0.00 0.00 -2.00
-5.00 -6.00 -8.00 1.00 -8.00 -4.00 -2.00 -2.00
0.00 -1.00 0.00 5.00 -2.00 -2.00 -1.00 -2.00
0.00 0.00 2.00 5.00 3.00 0.00 -1.00 -1.00
-1.00 -1.00 -1.00 6.00 -5.00 -1.00 2.00 0.00
