0.00 1.00 0.00 -1.00 1.00 -1.00 -2.00 -6.00
0.00 -1.00 2.00 9.00 2.00 -2.00 -3.00 0.00
-2.00 -1.00 -2.00 1.00 2.00 -2.00 -4.00 -1.00
-1.00 -1.00 1.00 12.00 3.00 -2.00 -4.00 0.00
-1.00 -1.00 -1.00 9.00 0.00 0.00 0.00 5.00
0.00 3.00 -1.00 -1.00 -4.00 0.00 12.00 11.00
2.00 -8.00 3.00 -5.00 6.00 -2.00 -6.00 5.00
-52.00 8.00 10.00 6.00 5.00 7.00 30.00 -55.00
120.00 56.00 -3.00 5.00 -1.00 -8.00 -97.00 74.00
127.00 56.00 -7.00 -10.00 -6.00 2.00 13.00 80.00
-50.00 -23.00 -4.00 -13.00 -9.00 -14.00 -103.00 -99.00
-63.00 -29.00 -59.00 -17.00 -18.00 -39.00 -85.00 -3.00
109.00 58.00 23.00 -3.00 17.00 23.00 53.00 -17.00
40.00 -70.00 -10.00 34.00 6.00 -21.00 -128.00 9.00
-96.00 -44.00 -4.00 -14.00 17.00 -14.00 -128.00 -57.00
-114.00 -38.00 13.00 1.00 0.00 -7.00 -54.00 -20.00
127.00 81.00 -39.00 19.00 -16.00 5.00 75.00 62.00
10.00 6.00 -12.00 -25.00 26.00 21.00 19.00 -19.00
19.00 7.00 18.00 23.00 2.00 7.00 5.00 12.00
11.00 2.00 19.00 74.00 86.00 13.00 5.00 5.00
4.00 -2.00 0.00 -70.00 4.00 -2.00 1.00 0.00
0.00 1.00 -4.00 -100.00 -17.00 2.00 -11.00 -2.00
-2.00 -4.00 -4.00 -41.00 1.00 -3.00 -8.00 1.00
4.00 -2.00 -5.00 0.00 -7.00 -4.00 22.00 21.00
-4.00 -2.00 -1.00 -1.00 3.00 -5.00 -18.00 -6.00
2.00 1.00 -1.00 -3.00 5.00 6.00 11.00 1.00
-1.00 2.00 -13.00 5.00 18.00 -2.00 -7.00 -2.00
0.00 -5.00 -11.00 -2.00 -1.00 -2.00 -6.00 7.00
-1.00 1.00 8.00 6.00 -3.00 -1.00 14.00 -3.00
-1.00 -2.00 4.00 2.00 -3.00 -1.00 -4.00 3.00
-1.00 4.00 27.00 5.00 2.00 3.00 4.00 7.00
