-1.00 -1.00 -1.00 -5.00 5.00 -1.00 0.00 0.00
3.00 1.00 0.00 -4.00 0.00 2.00 0.00 0.00
0.00 -2.00 -2.00 10.00 10.00 -1.00 0.00 1.00
-1.00 -1.00 -1.00 -10.00 -1.00 3.00 6.00 0.00
0.00 0.00 0.00 -22.00 -3.00 -1.00 -1.00 -1.00
0.00 1.00 0.00 3.00 3.00 1.00 -3.00 0.00
-1.00 -1.00 -5.00 2.00 -11.00 -4.00 -1.00 -1.00
-2.00 -2.00 -4.00 -7.00 1.00 -3.00 2.00 -1.00
0.00 0.00 -4.00 36.00 -15.00 -6.00 -1.00 0.00
-7.00 -11.00 -21.00 -92.00 -21.00 -1.00 -3.00 -3.00
-12.00 -12.00 -5.00 1.00 -54.00 -30.00 -16.00 -12.00
-7.00 -5.00 17.00 -79.00 23.00 -4.00 -12.00 -7.00
-23.00 -26.00 -21.00 22.00 6.00 -71.00 -40.00 -25.00
17.00 18.00 -2.00 -74.00 -33.00 -13.00 16.00 19.00
-5.00 -9.00 -18.00 39.00 80.00 12.00 3.00 -1.00
1.00 3.00 0.00 -34.00 2.00 -7.00 -12.00 -2.00
-6.00 -5.00 69.00 94.00 -12.00 -3.00 -3.00 -3.00
6.00 9.00 12.00 32.00 49.00 -4.00 3.00 3.00
-5.00 -10.00 -100.00 -93.00 -18.00 -3.00 -5.00 -5.00
-13.00 -16.00 9.00 102.00 56.00 -28.00 -24.00 -12.00
-5.00 0.00 -2.00 -29.00 -3.00 2.00 7.00 2.00
6.00 -2.00 -7.00 39.00 7.00 1.00 12.00 -38.00
0.00 0.00 1.00 2.00 7.00 -2.00 -2.00 10.00
-2.00 -1.00 7.00 60.00 8.00 2.00 -3.00 4.00
-2.00 -2.00 8.00 37.00 -9.00 -5.00 -3.00 -1.00
0.00 -2.00 -5.00 -74.00 -21.00 -2.00 -2.00 3.00
0.00 -2.00 0.00 -4.00 10.00 -5.00 -6.00 -1.00
1.00 -1.00 -5.00 -14.00 -4.00 3.00 -1.00 2.00
-1.00 -1.00 1.00 16.00 -9.00 -8.00 -2.00 -5.00
-2.00 0.00 5.00 16.00 -4.00 0.00 5.00 5.00
-2.00 -2.00 -1.00 10.00 -5.00 -8.00 -4.00 -4.00
-2.00 -1.00 -4.00 -12.00 -5.00 2.00 -5.00 -15.00
1.00 0.00 -1.00 0.00 -2.00 2.00 -2.00 2.00
0.00 1.00 -1.00 0.00 3.00 3.00 0.00 0.00
0.00 0.00 0.00 -15.00 -2.00 1.00 0.00 2.00
-1.00 -1.00 -1.00 -8.00 -14.00 0.00 -1.00 3.00
1.00 0.00 4.00 14.00 13.00 3.00 4.00 -2.00
-3.00 -1.00 -4.00 -10.00 4.00 1.00 3.00 -3.00
-2.00 -2.00 -2.00 -4.00 -5.00 0.00 -3.00 5.00
1.00 2.00 1.00 -9.00 -2.00 -3.00 -3.00 -3.00
1.00 0.00 0.00 7.00 0.00 -2.00 -7.00 -3.00
