-2.00 -2.00 -3.00 0.00 -2.00 -8.00 -6.00 -2.00
1.00 -1.00 1.00 -3.00 0.00 1.00 -1.00 -1.00
1.00 -2.00 -5.00 -8.00 7.00 11.00 10.00 4.00
0.00 0.00 0.00 -7.00 -5.00 -4.00 -1.00 1.00
-5.00 -6.00 -9.00 -96.00 -28.00 -14.00 -10.00 -6.00
-2.00 0.00 7.00 -93.00 39.00 6.00 -3.00 0.00
3.00 -1.00 31.00 74.00 49.00 -6.00 0.00 -7.00
19.00 27.00 33.00 82.00 66.00 50.00 31.00 24.00
9.00 7.00 -77.00 -43.00 -60.00 45.00 15.00 15.00
-14.00 -39.00 -66.00 21.00 -110.00 24.00 -3.00 -9.00
-20.00 -34.00 -92.00 68.00 47.00 51.00 1.00 -8.00
24.00 43.00 68.00 -28.00 0.00 1.00 16.00 16.00
-2.00 -5.00 37.00 5.00 -62.00 -2.00 -12.00 -7.00
13.00 -8.00 -23.00 -21.00 -28.00 0.00 -6.00 -2.00
-6.00 2.00 18.00 -52.00 76.00 13.00 -1.00 -9.00
-13.00 -10.00 28.00 -53.00 -92.00 1.00 -7.00 -11.00
1.00 10.00 48.00 32.00 -88.00 -114.00 -37.00 -6.00
0.00 -9.00 -98.00 41.00 16.00 51.00 -14.00 0.00
9.00 12.00 76.00 11.00 -4.00 49.00 19.00 16.00
-11.00 -2.00 -39.00 -44.00 -102.00 -31.00 -6.00 -12.00
-12.00 -21.00 -37.00 -26.00 18.00 10.00 8.00 -4.00
-11.00 -16.00 -26.00 96.00 -20.00 -44.00 -67.00 -7.00
3.00 10.00 89.00 25.00 55.00 28.00 28.00 0.00
3.00 4.00 12.00 31.00 0.00 8.00 -1.00 4.00
-3.00 -6.00 -31.00 4.00 5.00 -2.00 -9.00 -1.00
-16.00 -16.00 -55.00 -65.00 -9.00 -13.00 2.00 -3.00
-28.00 -3.00 -11.00 14.00 -2.00 -11.00 -3.00 -37.00
7.00 2.00 -64.00 2.00 -3.00 -7.00 -7.00 -8.00
-5.00 -3.00 45.00 -38.00 2.00 0.00 -9.00 -3.00
-4.00 -3.00 -4.00 15.00 3.00 2.00 -1.00 -15.00
-2.00 -2.00 -2.00 9.00 1.00 -4.00 -14.00 -15.00
-2.00 -3.00 -6.00 5.00 0.00 7.00 5.00 -2.00
-2.00 -2.00 0.00 -16.00 -1.00 -3.00 -3.00 3.00
-1.00 0.00 -2.00 5.00 -2.00 -6.00 -2.00 9.00
-1.00 -1.00 -4.00 -3.00 -14.00 -8.00 -7.00 -6.00
-4.00 -2.00 -5.00 -52.00 -9.00 -6.00 -10.00 -17.00
1.00 1.00 27.00 25.00 -7.00 -1.00 2.00 6.00
-1.00 1.00 -6.00 4.00 -14.00 -6.00 -3.00 1.00
2.00 0.00 -1.00 -10.00 -9.00 0.00 -4.00 -5.00
0.00 -1.00 -2.00 1.00 20.00 13.00 14.00 1.00
-1.00 -1.00 3.00 3.00 1.00 4.00 -2.00 -4.00
1.00 -2.00 1.00 2.00 4.00 1.00 -2.00 3.00
-2.00 -2.00 -2.00 -3.00 -4.00 -2.00 2.00 4.00
-2.00 -1.00 -3.00 1.00 -1.00 -9.00 4.00 8.00
0.00 -2.00 -6.00 5.00 15.00 14.00 14.00 -1.00
0.00 0.00 1.00 3.00 10.00 3.00 15.00 7.00
1.00 -1.00 0.00 -23.00 -16.00 6.00 0.00 -7.00
0.00 0.00 -3.00 2.00 7.00 -3.00 3.00 -1.00
0.00 0.00 -1.00 -9.00 9.00 9.00 6.00 -3.00
-2.00 -1.00 -1.00 5.00 -2.00 0.00 -4.00 -3.00
-2.00 -2.00 2.00 35.00 6.00 0.00 -6.00 -19.00
