-2.00 -1.00 -2.00 -4.00 1.00 0.00 -5.00 -29.00
-1.00 -2.00 -3.00 -6.00 -8.00 -3.00 2.00 4.00
1.00 0.00 0.00 -4.00 1.00 2.00 3.00 6.00
1.00 0.00 1.00 -2.00 3.00 1.00 -1.00 4.00
-1.00 -1.00 0.00 -1.00 2.00 -1.00 -3.00 -3.00
-2.00 1.00 -4.00 -14.00 -6.00 -3.00 -4.00 3.00
-1.00 -1.00 -4.00 -20.00 2.00 -1.00 0.00 3.00
1.00 -1.00 -5.00 0.00 4.00 3.00 4.00 0.00
1.00 1.00 1.00 13.00 11.00 5.00 3.00 2.00
-1.00 -1.00 2.00 -8.00 -11.00 -3.00 -2.00 0.00
-2.00 -1.00 0.00 0.00 8.00 -2.00 -1.00 -4.00
-1.00 0.00 4.00 39.00 -14.00 -3.00 0.00 1.00
-6.00 -2.00 8.00 89.00 5.00 2.00 6.00 0.00
9.00 4.00 -2.00 -61.00 17.00 12.00 7.00 3.00
0.00 -5.00 -52.00 -84.00 -74.00 7.00 7.00 -2.00
1.00 -9.00 -71.00 -85.00 -100.00 -25.00 -11.00 -1.00
-34.00 -52.00 -108.00 10.00 -17.00 -4.00 -15.00 -25.00
6.00 9.00 47.00 18.00 28.00 -15.00 3.00 0.00
-6.00 -10.00 -43.00 -61.00 40.00 -14.00 -10.00 -4.00
6.00 1.00 -42.00 77.00 87.00 20.00 13.00 6.00
2.00 6.00 24.00 11.00 -33.00 14.00 11.00 5.00
9.00 13.00 14.00 -85.00 -65.00 0.00 0.00 3.00
7.00 11.00 27.00 82.00 63.00 9.00 26.00 5.00
0.00 -2.00 -20.00 13.00 17.00 1.00 -10.00 -3.00
-5.00 -12.00 -60.00 -54.00 -33.00 -5.00 -2.00 -4.00
4.00 1.00 -3.00 -37.00 12.00 -1.00 5.00 4.00
17.00 3.00 2.00 65.00 10.00 7.00 -11.00 15.00
7.00 3.00 3.00 18.00 2.00 -3.00 11.00 -2.00
-5.00 -1.00 -2.00 -8.00 5.00 -7.00 -10.00 0.00
8.00 -9.00 -3.00 16.00 10.00 -9.00 -13.00 -10.00
2.00 3.00 1.00 -8.00 -9.00 0.00 10.00 -6.00
-1.00 -1.00 -1.00 41.00 8.00 0.00 -3.00 -2.00
0.00 -1.00 0.00 2.00 -5.00 2.00 -4.00 5.00
-5.00 1.00 2.00 28.00 2.00 -1.00 -6.00 1.00
-2.00 -1.00 0.00 -4.00 0.00 0.00 -1.00 -3.00
-1.00 0.00 -6.00 -30.00 -2.00 0.00 -5.00 2.00
-1.00 0.00 -3.00 -13.00 -2.00 0.00 6.00 9.00
-2.00 -3.00 1.00 15.00 12.00 3.00 7.00 -1.00
0.00 -2.00 0.00 -11.00 4.00 6.00 4.00 4.00
0.00 -2.00 1.00 -7.00 -7.00 1.00 -5.00 6.00
-3.00 -3.00 -11.00 -10.00 5.00 -4.00 -4.00 -5.00
-1.00 -2.00 -1.00 -2.00 -4.00 -1.00 1.00 4.00
-1.00 -2.00 -1.00 8.00 4.00 -2.00 -1.00 -3.00
1.00 0.00 1.00 1.00 -4.00 -4.00 -3.00 10.00
1.00 -1.00 2.00 -1.00 -2.00 1.00 0.00 -2.00
-1.00 0.00 3.00 -3.00 3.00 4.00 1.00 -4.00
