-1.00 -1.00 1.00 2.00 4.00 0.00 -1.00 -2.00
-3.00 0.00 -4.00 -7.00 -4.00 -1.00 -2.00 -3.00
0.00 -1.00 0.00 6.00 7.00 2.00 4.00 2.00
1.00 0.00 -1.00 -3.00 -2.00 -2.00 1.00 1.00
0.00 1.00 -2.00 -3.00 -8.00 -5.00 -3.00 -1.00
0.00 -1.00 -3.00 1.00 3.00 2.00 -2.00 -3.00
0.00 0.00 3.00 3.00 2.00 2.00 4.00 1.00
0.00 -1.00 3.00 -1.00 3.00 0.00 -3.00 -1.00
0.00 -1.00 3.00 -8.00 -21.00 -4.00 -2.00 -1.00
1.00 2.00 -4.00 -37.00 -3.00 2.00 4.00 2.00
-1.00 1.00 -1.00 -13.00 2.00 -2.00 -4.00 0.00
-1.00 -2.00 -2.00 -13.00 -3.00 -3.00 -4.00 0.00
-1.00 -1.00 2.00 14.00 2.00 1.00 -1.00 -1.00
0.00 -2.00 -2.00 -91.00 -8.00 -3.00 -3.00 0.00
0.00 2.00 0.00 -49.00 -7.00 7.00 1.00 4.00
-20.00 -9.00 1.00 18.00 8.00 -2.00 1.00 -1.00
-2.00 -4.00 2.00 5.00 1.00 -5.00 -2.00 -4.00
-7.00 -6.00 2.00 75.00 7.00 -16.00 -9.00 -8.00
1.00 -2.00 0.00 -47.00 -5.00 -4.00 -4.00 0.00
2.00 -1.00 0.00 -73.00 -16.00 6.00 -1.00 2.00
9.00 15.00 46.00 72.00 85.00 29.00 15.00 9.00
1.00 9.00 -6.00 -51.00 46.00 17.00 4.00 2.00
-3.00 -20.00 3.00 44.00 -45.00 -30.00 -16.00 -15.00
27.00 49.00 122.00 127.00 127.00 75.00 43.00 24.00
-14.00 -22.00 -7.00 -28.00 -128.00 -25.00 -17.00 -11.00
12.00 -1.00 -120.00 -51.00 -31.00 12.00 28.00 12.00
5.00 -4.00 -20.00 18.00 38.00 16.00 5.00 6.00
-6.00 -1.00 97.00 33.00 78.00 -5.00 -3.00 -5.00
-7.00 -4.00 70.00 78.00 -15.00 28.00 1.00 2.00
-2.00 -8.00 -85.00 -100.00 7.00 -5.00 6.00 7.00
3.00 6.00 -3.00 -33.00 69.00 43.00 25.00 4.00
0.00 -2.00 -7.00 -25.00 -63.00 -19.00 -15.00 -5.00
3.00 13.00 94.00 35.00 28.00 7.00 10.00 3.00
-1.00 0.00 -49.00 -16.00 2.00 5.00 14.00 0.00
7.00 14.00 -11.00 -23.00 -1.00 2.00 3.00 4.00
-2.00 2.00 83.00 39.00 10.00 -2.00 -1.00 -2.00
2.00 0.00 3.00 24.00 1.00 -6.00 1.00 2.00
3.00 2.00 -2.00 7.00 -12.00 -6.00 -2.00 -1.00
-10.00 2.00 3.00 10.00 1.00 4.00 7.00 8.00
-5.00 -1.00 1.00 5.00 -1.00 2.00 14.00 22.00
0.00 -1.00 -3.00 -19.00 -5.00 -5.00 -16.00 9.00
-2.00 4.00 3.00 -10.00 -6.00 -4.00 -8.00 7.00
2.00 0.00 -1.00 -11.00 -5.00 -3.00 -5.00 0.00
-1.00 0.00 -3.00 -9.00 -3.00 -3.00 -4.00 1.00
0.00 -2.00 1.00 -17.00 -22.00 1.00 3.00 -5.00
0.00 0.00 -5.00 2.00 4.00 3.00 -3.00 -7.00
-1.00 0.00 0.00 10.00 9.00 0.00 1.00 -18.00
1.00 -1.00 -1.00 -5.00 -4.00 8.00 4.00 6.00
-1.00 0.00 2.00 0.00 1.00 1.00 2.00 1.00
-1.00 -1.00 2.00 5.00 -1.00 -2.00 -4.00 1.00
0.00 0.00 -1.00 -1.00 1.00 3.00 3.00 -2.00
