-1.00 -3.00 -6.00 -26.00 0.00 0.00 -2.00 1.00
-1.00 -1.00 -1.00 6.00 0.00 2.00 -2.00 1.00
-2.00 0.00 -3.00 -10.00 -6.00 -4.00 -2.00 -1.00
1.00 0.00 0.00 -6.00 0.00 1.00 -3.00 -4.00
0.00 1.00 2.00 -12.00 -3.00 -4.00 -2.00 0.00
1.00 -1.00 -2.00 -1.00 1.00 0.00 0.00 -1.00
-1.00 1.00 0.00 1.00 -1.00 -1.00 1.00 1.00
-2.00 0.00 1.00 10.00 -9.00 -6.00 -4.00 -3.00
8.00 4.00 1.00 -13.00 1.00 3.00 9.00 2.00
0.00 1.00 7.00 41.00 0.00 4.00 0.00 1.00
1.00 -3.00 2.00 -34.00 12.00 6.00 -7.00 1.00
-2.00 3.00 0.00 25.00 -5.00 -2.00 6.00 -17.00
-4.00 -7.00 -5.00 14.00 7.00 3.00 1.00 1.00
0.00 1.00 2.00 7.00 -14.00 -1.00 0.00 0.00
3.00 1.00 0.00 -17.00 -6.00 3.00 -1.00 -1.00
1.00 0.00 0.00 10.00 4.00 3.00 0.00 0.00
-2.00 -1.00 -4.00 -52.00 -11.00 0.00 6.00 -2.00
-1.00 -2.00 0.00 7.00 -3.00 0.00 -2.00 -1.00
-2.00 -2.00 -5.00 -15.00 -7.00 -1.00 -1.00 -1.00
-1.00 -1.00 -4.00 -1.00 -6.00 -4.00 5.00 -2.00
-14.00 -13.00 -5.00 -47.00 -21.00 1.00 -2.00 1.00
1.00 3.00 -1.00 24.00 12.00 0.00 -5.00 0.00
-1.00 -1.00 0.00 21.00 -8.00 -6.00 2.00 -1.00
2.00 1.00 0.00 -15.00 1.00 2.00 2.00 0.00
-1.00 1.00 1.00 -4.00 -13.00 8.00 2.00 1.00
-2.00 -1.00 -2.00 -18.00 -23.00 -9.00 -3.00 -3.00
-1.00 0.00 1.00 8.00 3.00 -2.00 2.00 -1.00
-2.00 0.00 1.00 -4.00 17.00 -10.00 0.00 -2.00
-25.00 -15.00 -17.00 -15.00 41.00 12.00 -12.00 -56.00
-12.00 0.00 13.00 16.00 -13.00 4.00 11.00 -14.00
5.00 -3.00 7.00 81.00 -20.00 11.00 5.00 -41.00
36.00 -12.00 11.00 98.00 44.00 -10.00 2.00 18.00
-16.00 -1.00 6.00 -1.00 -4.00 5.00 11.00 17.00
2.00 0.00 -17.00 15.00 31.00 -3.00 1.00 -22.00
4.00 -6.00 -4.00 -55.00 -12.00 6.00 -16.00 -50.00
29.00 -6.00 9.00 77.00 22.00 -10.00 -18.00 -16.00
1.00 -1.00 -2.00 2.00 -7.00 -3.00 -8.00 -4.00
-2.00 -5.00 -7.00 -99.00 -14.00 3.00 12.00 -3.00
-6.00 -3.00 -3.00 4.00 10.00 0.00 -3.00 3.00
0.00 -1.00 -2.00 -6.00 -2.00 1.00 -9.00 -37.00
-1.00 0.00 -2.00 13.00 -5.00 -3.00 -5.00 6.00
0.00 -1.00 4.00 15.00 -3.00 -2.00 8.00 15.00
1.00 3.00 1.00 -2.00 -2.00 1.00 0.00 2.00
-1.00 0.00 1.00 17.00 0.00 0.00 -1.00 -1.00
-2.00 -1.00 0.00 6.00 3.00 4.00 9.00 1.00
0.00 0.00 -1.00 -3.00 2.00 -2.00 -2.00 1.00
-3.00 0.00 -2.00 8.00 -5.00 -2.00 -1.00 -8.00
-1.00 -3.00 -3.00 -7.00 -1.00 4.00 3.00 1.00
1.00 1.00 0.00 11.00 1.00 -1.00 0.00 -13.00
0.00 0.00 0.00 17.00 6.00 6.00 -2.00 3.00
-1.00 -1.00 1.00 -2.00 -1.00 -3.00 -4.00 -1.00
2.00 0.00 -1.00 -4.00 -1.00 -1.00 -2.00 -2.00
0.00 0.00 -1.00 3.00 -2.00 0.00 -5.00 1.00
-1.00 -4.00 0.00 2.00 -1.00 -2.00 2.00 7.00
1.00 -1.00 1.00 1.00 -3.00 0.00 1.00 12.00
0.00 -1.00 5.00 22.00 2.00 -3.00 -2.00 4.00
1.00 -1.00 -3.00 -3.00 1.00 2.00 1.00 -1.00
0.00 -1.00 -4.00 -38.00 -1.00 0.00 0.00 -11.00
-2.00 -1.00 -5.00 3.00 -4.00 -1.00 -5.00 -3.00
0.00 -1.00 3.00 8.00 3.00 -3.00 -2.00 1.00
0.00 -1.00 -2.00 -11.00 -1.00 0.00 -1.00 0.00
