0.00 -2.00 -1.00 -5.00 2.00 0.00 0.00 0.00
-2.00 -1.00 0.00 0.00 -3.00 0.00 -3.00 1.00
-2.00 2.00 6.00 2.00 -16.00 -5.00 -1.00 1.00
1.00 1.00 -1.00 4.00 2.00 -2.00 -5.00 -1.00
1.00 1.00 1.00 3.00 7.00 3.00 2.00 1.00
1.00 1.00 4.00 3.00 1.00 -6.00 0.00 1.00
-1.00 0.00 -2.00 -3.00 26.00 7.00 1.00 1.00
0.00 -1.00 -5.00 1.00 -3.00 -1.00 -2.00 -2.00
-6.00 -6.00 -10.00 -49.00 -5.00 -1.00 -1.00 -1.00
4.00 0.00 -6.00 22.00 3.00 -1.00 -3.00 -2.00
0.00 -3.00 -3.00 26.00 -30.00 -16.00 -5.00 5.00
32.00 27.00 8.00 -24.00 -63.00 18.00 33.00 90.00
-11.00 2.00 2.00 87.00 24.00 25.00 2.00 -19.00
-29.00 6.00 23.00 99.00 -15.00 15.00 -3.00 -26.00
-40.00 -12.00 -7.00 45.00 -41.00 -4.00 -12.00 -19.00
-33.00 9.00 -7.00 -17.00 5.00 -62.00 -27.00 -63.00
-14.00 6.00 37.00 9.00 15.00 19.00 43.00 1.00
17.00 -11.00 3.00 -104.00 15.00 -31.00 5.00 21.00
-9.00 -11.00 9.00 3.00 16.00 -11.00 -11.00 -6.00
26.00 10.00 2.00 55.00 98.00 2.00 27.00 48.00
-30.00 -10.00 16.00 127.00 17.00 -11.00 -4.00 2.00
34.00 -4.00 -6.00 7.00 -10.00 -1.00 0.00 -6.00
6.00 3.00 1.00 22.00 -1.00 -6.00 1.00 1.00
2.00 1.00 0.00 16.00 2.00 -1.00 -2.00 -2.00
-3.00 0.00 1.00 24.00 -3.00 -5.00 -2.00 -5.00
2.00 -4.00 3.00 8.00 2.00 2.00 0.00 -1.00
0.00 -1.00 -3.00 -7.00 16.00 -3.00 -4.00 -3.00
-2.00 -4.00 -7.00 -8.00 -7.00 0.00 -4.00 -3.00
10.00 -4.00 -6.00 -75.00 -19.00 -8.00 -2.00 -4.00
-1.00 1.00 3.00 11.00 -1.00 -1.00 2.00 1.00
-2.00 1.00 2.00 21.00 4.00 -1.00 -2.00 -2.00
-1.00 -1.00 1.00 -10.00 -4.00 -5.00 0.00 0.00
-8.00 1.00 2.00 17.00 8.00 -1.00 -4.00 0.00
0.00 3.00 3.00 2.00 7.00 2.00 1.00 -1.00
1.00 -1.00 -1.00 4.00 3.00 -3.00 -4.00 -1.00
0.00 0.00 3.00 -1.00 0.00 -2.00 1.00 -3.00
