-1.00 -3.00 -2.00 -16.00 13.00 5.00 0.00 -2.00
-1.00 -3.00 -6.00 -11.00 -5.00 1.00 -3.00 -20.00
0.00 0.00 -3.00 -4.00 -21.00 -2.00 0.00 1.00
0.00 -3.00 -2.00 -24.00 5.00 -1.00 1.00 -21.00
-1.00 0.00 1.00 1.00 4.00 -3.00 0.00 4.00
1.00 0.00 -9.00 -6.00 -4.00 -7.00 -1.00 5.00
-2.00 -1.00 -2.00 2.00 -1.00 2.00 -1.00 -1.00
0.00 1.00 0.00 1.00 5.00 1.00 0.00 3.00
0.00 0.00 -5.00 3.00 5.00 0.00 2.00 11.00
-1.00 -3.00 -2.00 0.00 -2.00 -5.00 -5.00 -27.00
-1.00 -1.00 -3.00 13.00 -9.00 -4.00 -4.00 -1.00
2.00 4.00 11.00 0.00 -11.00 -2.00 -1.00 4.00
-10.00 -1.00 -2.00 23.00 10.00 -5.00 -3.00 0.00
3.00 -4.00 4.00 35.00 26.00 0.00 -1.00 -3.00
-51.00 2.00 -12.00 30.00 6.00 1.00 -1.00 -18.00
2.00 -1.00 -5.00 -58.00 1.00 3.00 4.00 0.00
12.00 0.00 12.00 28.00 23.00 -43.00 -15.00 -15.00
42.00 11.00 5.00 77.00 30.00 10.00 33.00 67.00
33.00 13.00 3.00 -37.00 31.00 40.00 24.00 -1.00
-75.00 -7.00 -27.00 117.00 -49.00 -21.00 -16.00 -17.00
5.00 10.00 4.00 -32.00 -20.00 42.00 14.00 10.00
-63.00 -12.00 -23.00 -50.00 54.00 98.00 -18.00 -114.00
22.00 9.00 11.00 24.00 -22.00 -28.00 8.00 -1.00
52.00 -17.00 -12.00 -60.00 -61.00 -23.00 24.00 5.00
-31.00 -6.00 -30.00 -27.00 -25.00 5.00 -1.00 4.00
-7.00 -2.00 11.00 23.00 -5.00 -1.00 -4.00 5.00
-5.00 -1.00 -5.00 11.00 -14.00 -2.00 0.00 1.00
-3.00 -1.00 1.00 -21.00 11.00 2.00 0.00 -4.00
-3.00 0.00 1.00 -3.00 -3.00 0.00 1.00 1.00
1.00 -2.00 1.00 11.00 1.00 2.00 2.00 6.00
-1.00 3.00 6.00 -59.00 -12.00 0.00 8.00 -1.00
-2.00 -3.00 -4.00 -16.00 -24.00 -7.00 -1.00 0.00
0.00 -3.00 -4.00 14.00 11.00 4.00 -1.00 -2.00
-1.00 -1.00 -1.00 -1.00 14.00 -2.00 -2.00 -1.00
-2.00 -4.00 -9.00 -15.00 3.00 -5.00 0.00 2.00
1.00 4.00 -22.00 19.00 12.00 3.00 0.00 0.00
-3.00 -4.00 0.00 11.00 1.00 3.00 1.00 0.00
1.00 2.00 9.00 13.00 -8.00 -1.00 0.00 -1.00
-2.00 -6.00 -19.00 7.00 -14.00 -8.00 -4.00 -2.00
-2.00 -3.00 -5.00 -38.00 3.00 -6.00 0.00 1.00
-2.00 -5.00 -8.00 -3.00 -3.00 0.00 -3.00 -1.00
1.00 -1.00 0.00 9.00 0.00 0.00 2.00 0.00
-2.00 0.00 3.00 19.00 7.00 0.00 -4.00 -4.00
-1.00 -3.00 -9.00 4.00 -3.00 -5.00 -5.00 -12.00
-1.00 0.00 2.00 5.00 3.00 0.00 -2.00 0.00
1.00 3.00 -4.00 18.00 4.00 0.00 0.00 0.00
-2.00 -4.00 3.00 6.00 -3.00 -4.00 0.00 -1.00
-2.00 -1.00 0.00 38.00 -6.00 0.00 -3.00 -1.00
0.00 -5.00 0.00 -5.00 -8.00 -3.00 -2.00 0.00
0.00 0.00 1.00 42.00 -2.00 7.00 2.00 -13.00
-1.00 -2.00 -3.00 -27.00 -7.00 2.00 2.00 1.00
