0.00 1.00 7.00 7.00 -1.00 1.00 -2.00 -4.00
1.00 4.00 1.00 6.00 -1.00 -1.00 4.00 1.00
1.00 -1.00 1.00 3.00 -6.00 -2.00 0.00 2.00
-3.00 0.00 16.00 -13.00 -1.00 0.00 -2.00 -3.00
0.00 -1.00 -6.00 -3.00 1.00 0.00 1.00 2.00
-1.00 1.00 -6.00 -14.00 2.00 -2.00 -3.00 -8.00
-2.00 4.00 -1.00 22.00 1.00 2.00 2.00 -11.00
-3.00 -3.00 0.00 -19.00 3.00 0.00 3.00 7.00
1.00 1.00 2.00 -43.00 15.00 6.00 16.00 8.00
21.00 6.00 8.00 -11.00 16.00 -2.00 -7.00 5.00
4.00 7.00 12.00 70.00 -24.00 3.00 2.00 1.00
-1.00 -2.00 1.00 37.00 -17.00 -21.00 -1.00 -43.00
17.00 -17.00 6.00 14.00 121.00 54.00 22.00 -47.00
-18.00 3.00 -5.00 16.00 12.00 2.00 1.00 3.00
-6.00 11.00 6.00 12.00 -10.00 8.00 18.00 29.00
-9.00 -2.00 10.00 42.00 0.00 12.00 13.00 16.00
-16.00 -3.00 -4.00 -64.00 3.00 8.00 9.00 17.00
-5.00 -7.00 -17.00 -12.00 75.00 77.00 33.00 49.00
1.00 3.00 1.00 -121.00 4.00 -1.00 -15.00 2.00
-16.00 -10.00 -13.00 -53.00 -43.00 -17.00 -13.00 2.00
11.00 5.00 1.00 -1.00 6.00 0.00 -3.00 -3.00
6.00 -1.00 -14.00 -1.00 12.00 8.00 9.00 -1.00
-2.00 -6.00 -17.00 8.00 3.00 -1.00 4.00 -4.00
1.00 -1.00 -3.00 -18.00 -10.00 -2.00 0.00 -2.00
11.00 -5.00 3.00 -3.00 -1.00 -4.00 -2.00 3.00
-2.00 0.00 -5.00 -25.00 -14.00 0.00 -5.00 -1.00
-9.00 -6.00 1.00 -14.00 -11.00 -5.00 -3.00 -7.00
2.00 2.00 3.00 -35.00 0.00 1.00 2.00 7.00
0.00 2.00 26.00 14.00 6.00 3.00 -7.00 2.00
-1.00 -5.00 2.00 9.00 5.00 0.00 5.00 10.00
2.00 1.00 19.00 -4.00 9.00 1.00 0.00 2.00
