0.00 -1.00 1.00 -6.00 -1.00 -1.00 -2.00 -1.00
0.00 -2.00 1.00 -2.00 1.00 -2.00 0.00 -1.00
1.00 -3.00 -1.00 -3.00 0.00 1.00 0.00 -2.00
2.00 -2.00 2.00 11.00 5.00 1.00 4.00 2.00
-2.00 -2.00 -4.00 0.00 1.00 -4.00 -7.00 -3.00
2.00 2.00 0.00 -3.00 20.00 10.00 4.00 2.00
-3.00 0.00 2.00 -4.00 -67.00 -17.00 -7.00 -21.00
3.00 4.00 -3.00 -8.00 6.00 7.00 8.00 -4.00
-20.00 2.00 -5.00 46.00 46.00 10.00 6.00 12.00
19.00 5.00 -7.00 -58.00 -14.00 -1.00 0.00 -13.00
9.00 -6.00 2.00 -23.00 -44.00 47.00 1.00 20.00
-4.00 -2.00 1.00 54.00 -5.00 -5.00 -8.00 -19.00
-10.00 0.00 -5.00 -69.00 30.00 -6.00 -21.00 10.00
0.00 4.00 -6.00 -8.00 -13.00 -7.00 0.00 -5.00
-2.00 1.00 3.00 103.00 -3.00 -8.00 -13.00 0.00
0.00 -1.00 -4.00 8.00 -6.00 -2.00 7.00 8.00
-1.00 -1.00 -1.00 3.00 -1.00 -6.00 0.00 -3.00
-1.00 -1.00 -4.00 -10.00 2.00 2.00 2.00 -1.00
-1.00 -2.00 1.00 -16.00 -4.00 3.00 -3.00 -1.00
0.00 2.00 1.00 -7.00 0.00 3.00 0.00 0.00
0.00 -1.00 -2.00 21.00 -6.00 -3.00 -3.00 0.00
