-1.00 1.00 3.00 1.00 4.00 0.00 0.00 -1.00
-1.00 -1.00 0.00 7.00 -4.00 0.00 -1.00 -2.00
-1.00 -5.00 -7.00 -12.00 -4.00 -4.00 -2.00 -1.00
1.00 1.00 3.00 7.00 7.00 -2.00 -6.00 -2.00
-1.00 0.00 2.00 2.00 3.00 1.00 6.00 1.00
0.00 2.00 -1.00 0.00 4.00 4.00 0.00 0.00
-1.00 -2.00 -4.00 4.00 9.00 3.00 -5.00 0.00
-1.00 0.00 -1.00 6.00 -7.00 5.00 2.00 -1.00
-2.00 0.00 -2.00 -1.00 -4.00 -5.00 -1.00 -4.00
0.00 1.00 -2.00 5.00 -1.00 -4.00 0.00 -1.00
0.00 0.00 -2.00 -5.00 3.00 -5.00 14.00 -4.00
-1.00 -2.00 -4.00 -8.00 3.00 -6.00 -3.00 -2.00
-1.00 -4.00 -3.00 -7.00 -7.00 -4.00 -3.00 -3.00
0.00 -1.00 -2.00 5.00 1.00 0.00 -1.00 0.00
-2.00 -1.00 -1.00 -15.00 4.00 0.00 -2.00 0.00
-3.00 0.00 -5.00 -21.00 -3.00 5.00 2.00 -1.00
1.00 3.00 6.00 32.00 61.00 2.00 -2.00 1.00
11.00 0.00 2.00 -21.00 1.00 -3.00 -9.00 -22.00
-6.00 -2.00 -7.00 -30.00 9.00 2.00 -2.00 4.00
4.00 2.00 5.00 -2.00 -6.00 -2.00 -4.00 9.00
0.00 -2.00 3.00 12.00 -13.00 -2.00 -4.00 -3.00
-1.00 -1.00 0.00 27.00 8.00 4.00 2.00 -2.00
0.00 2.00 1.00 0.00 -11.00 -1.00 3.00 18.00
-3.00 -6.00 -3.00 22.00 -9.00 3.00 -4.00 -7.00
8.00 2.00 -5.00 -13.00 22.00 22.00 -1.00 -9.00
-2.00 2.00 2.00 12.00 19.00 -8.00 -8.00 8.00
-6.00 -14.00 -3.00 41.00 -1.00 -12.00 -4.00 -5.00
-1.00 -2.00 -5.00 26.00 30.00 -5.00 4.00 1.00
-1.00 1.00 -2.00 -16.00 4.00 -10.00 -4.00 2.00
0.00 -2.00 -2.00 -1.00 3.00 -6.00 0.00 2.00
-5.00 -5.00 -9.00 -20.00 -24.00 -1.00 -4.00 -10.00
0.00 1.00 4.00 31.00 5.00 -1.00 -6.00 -8.00
-5.00 4.00 6.00 30.00 31.00 6.00 -1.00 5.00
-35.00 -17.00 1.00 -74.00 -14.00 -11.00 18.00 -9.00
10.00 5.00 7.00 81.00 68.00 6.00 -3.00 4.00
7.00 0.00 -8.00 -39.00 -2.00 -6.00 -7.00 31.00
-1.00 0.00 2.00 -9.00 5.00 0.00 -11.00 13.00
-6.00 -2.00 -1.00 6.00 16.00 15.00 7.00 -3.00
-1.00 -1.00 -2.00 -3.00 -22.00 1.00 -1.00 -8.00
-2.00 -1.00 -2.00 3.00 -5.00 7.00 -8.00 -10.00
1.00 -1.00 2.00 5.00 14.00 4.00 7.00 7.00
-1.00 0.00 0.00 -10.00 2.00 3.00 5.00 7.00
-1.00 1.00 0.00 29.00 -5.00 -3.00 -2.00 -2.00
2.00 1.00 -3.00 -44.00 -5.00 2.00 -3.00 2.00
0.00 0.00 -2.00 -26.00 -3.00 -2.00 -3.00 0.00
-1.00 0.00 -1.00 14.00 5.00 -5.00 -3.00 2.00
-1.00 -3.00 -1.00 18.00 -12.00 2.00 -4.00 2.00
-2.00 -3.00 -2.00 14.00 -1.00 -3.00 -2.00 -6.00
0.00 1.00 -1.00 -6.00 1.00 1.00 13.00 2.00
-1.00 2.00 2.00 -13.00 3.00 8.00 4.00 4.00
-1.00 -1.00 -1.00 5.00 -4.00 -2.00 -2.00 1.00
0.00 0.00 -2.00 15.00 6.00 1.00 3.00 2.00
1.00 0.00 2.00 2.00 4.00 3.00 3.00 3.00
0.00 1.00 2.00 16.00 3.00 -4.00 -5.00 -3.00
-1.00 -1.00 -3.00 0.00 0.00 -2.00 -4.00 -1.00
0.00 0.00 -2.00 7.00 1.00 2.00 3.00 2.00
-1.00 0.00 -1.00 7.00 -9.00 -5.00 -3.00 0.00
0.00 1.00 0.00 -39.00 -5.00 -2.00 0.00 1.00
0.00 -2.00 -3.00 -3.00 -3.00 -1.00 -2.00 -2.00
-2.00 -2.00 -2.00 16.00 0.00 1.00 2.00 -2.00
0.00 1.00 -1.00 -1.00 2.00 2.00 1.00 1.00
