1.00 0.00 0.00 3.00 -5.00 1.00 0.00 -1.00
-1.00 1.00 -1.00 1.00 -4.00 1.00 1.00 -1.00
1.00 -2.00 3.00 -7.00 -10.00 -4.00 -2.00 2.00
0.00 1.00 -1.00 3.00 7.00 3.00 1.00 -1.00
-1.00 0.00 -2.00 4.00 -2.00 2.00 0.00 0.00
-3.00 -1.00 -3.00 4.00 -1.00 0.00 2.00 0.00
-1.00 -1.00 0.00 -1.00 2.00 -3.00 -2.00 0.00
-1.00 -3.00 -4.00 -2.00 -4.00 -2.00 -7.00 -2.00
-1.00 -1.00 -2.00 -2.00 2.00 -2.00 1.00 -3.00
0.00 -1.00 -1.00 2.00 -23.00 -5.00 -1.00 0.00
-2.00 1.00 0.00 1.00 4.00 -2.00 0.00 1.00
10.00 10.00 11.00 18.00 2.00 -17.00 0.00 6.00
-2.00 2.00 7.00 14.00 -5.00 -9.00 -12.00 8.00
-17.00 -5.00 -6.00 -64.00 11.00 6.00 -6.00 -13.00
56.00 12.00 15.00 40.00 24.00 10.00 -12.00 -14.00
6.00 2.00 11.00 -10.00 29.00 4.00 1.00 7.00
7.00 1.00 4.00 12.00 12.00 -3.00 3.00 13.00
-6.00 0.00 -2.00 77.00 1.00 0.00 -2.00 -2.00
26.00 4.00 2.00 -42.00 -4.00 2.00 3.00 -17.00
-8.00 -5.00 3.00 16.00 12.00 2.00 3.00 1.00
5.00 1.00 -1.00 -4.00 1.00 -1.00 2.00 -2.00
13.00 0.00 -1.00 -20.00 0.00 0.00 -3.00 -3.00
0.00 1.00 0.00 2.00 -2.00 3.00 2.00 0.00
-3.00 0.00 -2.00 -1.00 -2.00 -3.00 -1.00 -1.00
1.00 1.00 -3.00 -10.00 -27.00 -9.00 -8.00 -1.00
-1.00 0.00 -1.00 -6.00 -6.00 -3.00 1.00 1.00
-2.00 -1.00 -4.00 26.00 2.00 -7.00 -3.00 -3.00
-1.00 -2.00 -4.00 -5.00 -7.00 2.00 2.00 0.00
-1.00 2.00 2.00 17.00 -8.00 -1.00 0.00 -2.00
-2.00 -1.00 0.00 8.00 -3.00 0.00 3.00 -2.00
0.00 0.00 -2.00 -9.00 -13.00 -3.00 -2.00 0.00
1.00 -2.00 3.00 36.00 -6.00 -6.00 -2.00 -1.00
0.00 0.00 0.00 -8.00 -3.00 1.00 -1.00 0.00
0.00 0.00 -1.00 -2.00 2.00 -1.00 0.00 -1.00
-2.00 0.00 1.00 -18.00 -4.00 -5.00 1.00 -1.00
0.00 -2.00 -1.00 0.00 -23.00 -3.00 2.00 -1.00
0.00 -3.00 -3.00 -2.00 -12.00 -4.00 -5.00 -1.00
0.00 -1.00 1.00 1.00 8.00 5.00 5.00 1.00
-1.00 0.00 1.00 1.00 7.00 1.00 -2.00 1.00
-1.00 -1.00 0.00 -7.00 -2.00 -2.00 -3.00 0.00
-3.00 -3.00 -4.00 -5.00 2.00 0.00 -1.00 -3.00
