0.00 0.00 0.00 -1.00 -1.00 -3.00 -3.00 -1.00
-2.00 -1.00 -1.00 -3.00 0.00 1.00 -3.00 -2.00
-1.00 -1.00 2.00 -3.00 -3.00 -2.00 -8.00 -2.00
1.00 0.00 1.00 5.00 5.00 1.00 8.00 3.00
6.00 7.00 2.00 -8.00 17.00 7.00 6.00 3.00
1.00 4.00 3.00 -42.00 5.00 1.00 1.00 -28.00
1.00 3.00 4.00 -23.00 14.00 7.00 4.00 16.00
15.00 2.00 -20.00 -38.00 -23.00 61.00 22.00 59.00
-3.00 -3.00 12.00 61.00 30.00 1.00 0.00 -20.00
1.00 4.00 -2.00 -31.00 12.00 -9.00 -17.00 -5.00
-8.00 -9.00 -11.00 3.00 -46.00 -23.00 0.00 2.00
-19.00 -7.00 -7.00 24.00 -66.00 -38.00 -32.00 -50.00
3.00 -1.00 -2.00 13.00 -5.00 6.00 -1.00 -5.00
-10.00 -15.00 -5.00 -77.00 0.00 5.00 -3.00 1.00
3.00 4.00 6.00 43.00 17.00 2.00 1.00 -1.00
-1.00 2.00 3.00 28.00 13.00 0.00 -4.00 -2.00
0.00 1.00 2.00 -42.00 -2.00 4.00 2.00 1.00
0.00 -3.00 -3.00 -1.00 -1.00 0.00 -5.00 -4.00
-1.00 -2.00 0.00 -9.00 -4.00 0.00 3.00 -9.00
-1.00 -1.00 0.00 -5.00 -1.00 3.00 -1.00 0.00
0.00 -1.00 -3.00 2.00 3.00 1.00 -2.00 6.00
