-2.00 1.00 -6.00 0.00 -5.00 -3.00 -2.00 -2.00
-1.00 -3.00 -22.00 -2.00 -2.00 -2.00 0.00 -1.00
-1.00 0.00 23.00 -5.00 -4.00 -4.00 2.00 0.00
-1.00 0.00 -2.00 7.00 -2.00 3.00 0.00 1.00
1.00 -1.00 -7.00 -3.00 14.00 -1.00 -4.00 0.00
-1.00 2.00 3.00 39.00 8.00 8.00 2.00 0.00
-1.00 0.00 0.00 3.00 10.00 0.00 0.00 1.00
2.00 2.00 3.00 3.00 11.00 5.00 0.00 -2.00
-1.00 -3.00 -8.00 3.00 -26.00 -2.00 1.00 0.00
0.00 1.00 5.00 -1.00 0.00 -10.00 -3.00 -1.00
-3.00 -1.00 -4.00 -9.00 5.00 2.00 1.00 -1.00
0.00 -2.00 -2.00 3.00 3.00 1.00 1.00 -2.00
-1.00 -3.00 -6.00 -6.00 10.00 4.00 1.00 -1.00
1.00 -1.00 -21.00 6.00 1.00 2.00 0.00 1.00
0.00 -1.00 -2.00 -14.00 5.00 0.00 1.00 -1.00
0.00 2.00 4.00 11.00 10.00 -8.00 -2.00 2.00
0.00 -3.00 -3.00 0.00 -3.00 0.00 0.00 -1.00
0.00 -1.00 -3.00 -19.00 -2.00 1.00 1.00 -1.00
-1.00 1.00 1.00 3.00 3.00 0.00 2.00 1.00
-2.00 0.00 -10.00 -66.00 0.00 0.00 -2.00 0.00
0.00 -1.00 2.00 13.00 -24.00 -2.00 0.00 -1.00
-1.00 -2.00 -2.00 -18.00 8.00 -1.00 -1.00 -3.00
-1.00 -2.00 -3.00 0.00 17.00 -5.00 -2.00 -1.00
0.00 1.00 0.00 3.00 -5.00 5.00 1.00 1.00
-3.00 -3.00 7.00 -7.00 21.00 4.00 0.00 0.00
1.00 4.00 3.00 26.00 -22.00 -10.00 -3.00 -5.00
0.00 2.00 9.00 -10.00 29.00 15.00 4.00 4.00
-14.00 -5.00 12.00 -70.00 -63.00 -9.00 -10.00 -10.00
-7.00 -5.00 6.00 49.00 11.00 5.00 -21.00 -34.00
-71.00 -28.00 -64.00 -26.00 -65.00 -25.00 -22.00 -28.00
-19.00 15.00 13.00 17.00 25.00 5.00 0.00 5.00
13.00 6.00 -5.00 -32.00 -72.00 44.00 0.00 -6.00
58.00 17.00 42.00 95.00 -63.00 10.00 49.00 82.00
-66.00 8.00 4.00 8.00 1.00 -16.00 -33.00 -11.00
51.00 13.00 -5.00 51.00 -86.00 3.00 -8.00 6.00
67.00 11.00 19.00 38.00 16.00 -17.00 31.00 108.00
5.00 8.00 27.00 -4.00 -28.00 -19.00 -3.00 -11.00
-15.00 -10.00 -15.00 -51.00 -16.00 -7.00 -3.00 -4.00
-2.00 0.00 0.00 -1.00 12.00 2.00 5.00 1.00
-1.00 1.00 0.00 21.00 15.00 -4.00 2.00 0.00
-2.00 0.00 -1.00 11.00 9.00 0.00 0.00 -1.00
-2.00 -2.00 -1.00 2.00 -6.00 -1.00 -1.00 0.00
2.00 1.00 7.00 11.00 7.00 2.00 0.00 1.00
0.00 0.00 5.00 10.00 -4.00 -3.00 -3.00 -1.00
-3.00 -3.00 1.00 19.00 10.00 -4.00 -1.00 -2.00
-1.00 -3.00 0.00 -45.00 -10.00 -2.00 -1.00 -2.00
0.00 -1.00 -5.00 4.00 -3.00 -1.00 -9.00 -1.00
0.00 1.00 4.00 -2.00 -1.00 0.00 3.00 2.00
-4.00 -4.00 0.00 32.00 -3.00 -3.00 -2.00 -3.00
-2.00 2.00 5.00 34.00 23.00 5.00 1.00 4.00
0.00 0.00 -1.00 2.00 -4.00 -1.00 0.00 -1.00
0.00 -2.00 1.00 -2.00 13.00 4.00 3.00 2.00
0.00 0.00 4.00 -30.00 -3.00 -6.00 -3.00 -1.00
1.00 4.00 11.00 36.00 0.00 3.00 2.00 1.00
0.00 2.00 -1.00 -14.00 -18.00 -6.00 -3.00 -1.00
0.00 -1.00 1.00 -55.00 -14.00 1.00 -2.00 1.00
-2.00 -3.00 -3.00 3.00 -4.00 0.00 0.00 0.00
-1.00 1.00 -4.00 -17.00 -4.00 -3.00 0.00 -1.00
-1.00 0.00 0.00 -56.00 -1.00 0.00 -3.00 -1.00
2.00 0.00 1.00 17.00 -1.00 6.00 3.00 3.00
-1.00 1.00 0.00 12.00 -7.00 -2.00 -1.00 -1.00
0.00 -1.00 0.00 -1.00 -4.00 3.00 1.00 0.00
-2.00 1.00 -1.00 -8.00 7.00 0.00 0.00 -3.00
-1.00 -2.00 1.00 12.00 -3.00 -3.00 -2.00 1.00
0.00 1.00 1.00 -5.00 0.00 1.00 -1.00 0.00
-2.00 -2.00 3.00 8.00 3.00 -4.00 -1.00 0.00
1.00 -3.00 -1.00 -3.00 -8.00 -6.00 -3.00 -2.00
0.00 2.00 1.00 -6.00 0.00 -5.00 -2.00 -2.00
-1.00 -1.00 5.00 31.00 4.00 1.00 0.00 -2.00
-4.00 -6.00 -23.00 -1.00 -15.00 -3.00 0.00 -3.00
0.00 1.00 4.00 -1.00 -2.00 -2.00 -2.00 -1.00
1.00 -2.00 -3.00 -15.00 4.00 0.00 -1.00 0.00
-1.00 1.00 1.00 -6.00 -24.00 1.00 -1.00 -2.00
1.00 4.00 7.00 5.00 0.00 -2.00 0.00 0.00
0.00 2.00 0.00 2.00 2.00 -5.00 -2.00 -2.00
0.00 -1.00 -4.00 -12.00 6.00 -3.00 -2.00 0.00
0.00 2.00 3.00 -20.00 4.00 4.00 0.00 -1.00
0.00 4.00 23.00 1.00 -4.00 6.00 2.00 0.00
-2.00 0.00 -1.00 -3.00 16.00 2.00 1.00 0.00
-1.00 -2.00 -7.00 12.00 -7.00 5.00 0.00 1.00
