-1.00 -1.00 3.00 -2.00 -4.00 -3.00 -1.00 3.00
-1.00 2.00 0.00 3.00 2.00 0.00 3.00 1.00
-2.00 -3.00 -3.00 -4.00 8.00 0.00 3.00 0.00
0.00 -3.00 1.00 10.00 2.00 0.00 -2.00 2.00
2.00 -1.00 -5.00 -14.00 -4.00 -2.00 -2.00 5.00
1.00 -2.00 -5.00 -14.00 -1.00 -2.00 -10.00 -21.00
2.00 -1.00 2.00 7.00 5.00 -1.00 1.00 -1.00
1.00 -1.00 3.00 10.00 7.00 5.00 4.00 6.00
-1.00 -2.00 1.00 12.00 10.00 2.00 -3.00 -10.00
-1.00 -2.00 -2.00 34.00 8.00 3.00 10.00 -5.00
-5.00 1.00 4.00 9.00 0.00 4.00 4.00 8.00
4.00 4.00 5.00 5.00 9.00 7.00 5.00 1.00
1.00 -1.00 0.00 -10.00 0.00 -2.00 1.00 16.00
1.00 0.00 -5.00 -14.00 -14.00 -3.00 -2.00 -4.00
-2.00 -1.00 -11.00 -39.00 -16.00 -7.00 -2.00 1.00
-12.00 -5.00 -4.00 62.00 12.00 -1.00 -5.00 -25.00
-12.00 3.00 1.00 -89.00 -5.00 2.00 5.00 8.00
-5.00 4.00 19.00 -44.00 13.00 11.00 8.00 13.00
-3.00 -5.00 -18.00 17.00 72.00 -8.00 -6.00 -16.00
-8.00 -5.00 -9.00 -10.00 22.00 44.00 16.00 68.00
-10.00 1.00 3.00 63.00 -17.00 -17.00 -8.00 3.00
-4.00 -25.00 -13.00 -79.00 -17.00 -9.00 -34.00 -11.00
18.00 8.00 39.00 33.00 -36.00 -8.00 4.00 8.00
74.00 8.00 -59.00 7.00 114.00 24.00 2.00 12.00
-13.00 -6.00 -3.00 50.00 -2.00 -12.00 22.00 -49.00
-16.00 0.00 6.00 -65.00 8.00 16.00 20.00 -11.00
28.00 8.00 0.00 -32.00 5.00 -12.00 6.00 9.00
-9.00 -2.00 3.00 34.00 13.00 13.00 10.00 4.00
3.00 3.00 -1.00 1.00 -12.00 -2.00 -3.00 -3.00
-7.00 3.00 16.00 -14.00 -3.00 2.00 -4.00 -2.00
-4.00 -4.00 -1.00 -32.00 -4.00 -1.00 0.00 -1.00
-1.00 -1.00 -8.00 42.00 7.00 0.00 -3.00 -23.00
5.00 -1.00 -10.00 32.00 1.00 -1.00 -4.00 4.00
0.00 -2.00 0.00 0.00 0.00 2.00 5.00 0.00
-2.00 -3.00 1.00 39.00 -5.00 -6.00 5.00 4.00
-3.00 -6.00 17.00 -4.00 -2.00 -2.00 0.00 -2.00
-2.00 0.00 -6.00 -21.00 -4.00 -3.00 3.00 1.00
-1.00 2.00 -2.00 7.00 -4.00 -1.00 -6.00 -16.00
1.00 0.00 17.00 -6.00 1.00 -3.00 -5.00 2.00
3.00 0.00 -34.00 9.00 10.00 3.00 -3.00 0.00
-4.00 -4.00 6.00 1.00 2.00 1.00 -4.00 7.00
1.00 -2.00 7.00 -2.00 -4.00 -3.00 -5.00 -3.00
0.00 0.00 2.00 3.00 0.00 3.00 5.00 -2.00
0.00 1.00 6.00 3.00 -4.00 2.00 4.00 3.00
-2.00 -4.00 0.00 2.00 2.00 0.00 1.00 -5.00
-1.00 -1.00 10.00 0.00 -5.00 -3.00 -1.00 5.00
