0.00 0.00 4.00 0.00 1.00 -1.00 -1.00 1.00
-1.00 -1.00 1.00 -1.00 1.00 0.00 4.00 0.00
-1.00 0.00 2.00 -2.00 -9.00 -1.00 8.00 4.00
-2.00 -2.00 -2.00 3.00 4.00 0.00 1.00 -1.00
-2.00 -1.00 2.00 -3.00 1.00 -2.00 -11.00 -6.00
-1.00 1.00 2.00 8.00 3.00 -1.00 -2.00 0.00
-1.00 -2.00 -4.00 21.00 3.00 -1.00 -3.00 0.00
-1.00 0.00 2.00 -1.00 -2.00 -1.00 1.00 -1.00
-1.00 -2.00 -7.00 -55.00 1.00 3.00 -5.00 -6.00
8.00 -2.00 -7.00 -100.00 -19.00 -3.00 30.00 10.00
8.00 -5.00 -17.00 23.00 -53.00 -22.00 -16.00 -29.00
2.00 6.00 29.00 32.00 -18.00 32.00 -4.00 -25.00
-25.00 -34.00 -12.00 -4.00 44.00 -1.00 -18.00 -79.00
-4.00 0.00 -30.00 22.00 24.00 21.00 -8.00 2.00
-19.00 -4.00 10.00 56.00 -8.00 -28.00 -18.00 18.00
-22.00 1.00 -3.00 -33.00 -5.00 2.00 29.00 4.00
3.00 3.00 0.00 43.00 -17.00 22.00 8.00 17.00
10.00 10.00 15.00 28.00 83.00 88.00 52.00 32.00
9.00 -10.00 -21.00 -60.00 -19.00 -12.00 -6.00 23.00
15.00 10.00 19.00 127.00 18.00 -4.00 2.00 3.00
11.00 2.00 20.00 32.00 23.00 11.00 -2.00 0.00
-7.00 -1.00 6.00 35.00 -6.00 -3.00 3.00 0.00
0.00 -2.00 0.00 17.00 -11.00 -7.00 0.00 -4.00
3.00 1.00 3.00 -21.00 1.00 4.00 3.00 1.00
0.00 -1.00 -2.00 -2.00 4.00 1.00 -3.00 4.00
-1.00 -4.00 -12.00 -39.00 -4.00 3.00 10.00 5.00
0.00 -2.00 -3.00 24.00 5.00 -1.00 -5.00 -2.00
0.00 1.00 0.00 -25.00 6.00 -1.00 5.00 9.00
1.00 -1.00 -4.00 -9.00 -4.00 -3.00 -8.00 -7.00
-3.00 -2.00 -1.00 18.00 -5.00 -3.00 -4.00 -1.00
0.00 2.00 0.00 10.00 2.00 -1.00 2.00 5.00
0.00 -1.00 -2.00 -16.00 -7.00 -3.00 -4.00 -1.00
1.00 2.00 6.00 -17.00 -3.00 -1.00 -4.00 0.00
-1.00 -1.00 5.00 -18.00 -5.00 -1.00 1.00 9.00
0.00 -7.00 -6.00 -72.00 -6.00 -1.00 -3.00 -2.00
-1.00 -2.00 -2.00 19.00 7.00 2.00 -6.00 0.00
1.00 1.00 -2.00 12.00 -11.00 -2.00 5.00 5.00
-3.00 -4.00 -5.00 7.00 -4.00 -4.00 -3.00 5.00
1.00 -2.00 0.00 -4.00 -2.00 0.00 -1.00 -5.00
-1.00 0.00 1.00 14.00 7.00 2.00 0.00 1.00
0.00 2.00 1.00 -7.00 -2.00 -3.00 -5.00 6.00
