-2.00 -3.00 -3.00 -7.00 -18.00 -4.00 -2.00 -1.00
0.00 -3.00 -3.00 -5.00 -4.00 -4.00 -3.00 0.00
-3.00 -2.00 -4.00 -6.00 -23.00 -8.00 -4.00 -1.00
0.00 0.00 2.00 -8.00 1.00 -1.00 -1.00 -1.00
0.00 1.00 4.00 -6.00 6.00 -2.00 -1.00 1.00
1.00 1.00 3.00 -2.00 8.00 3.00 2.00 2.00
-1.00 -5.00 -11.00 3.00 -12.00 5.00 2.00 3.00
-1.00 1.00 0.00 -7.00 8.00 1.00 -1.00 -1.00
0.00 -2.00 -6.00 -16.00 1.00 -3.00 -1.00 -1.00
-2.00 0.00 3.00 2.00 14.00 6.00 1.00 -1.00
0.00 -9.00 -9.00 -70.00 -3.00 1.00 0.00 -2.00
-1.00 -1.00 -2.00 -6.00 -5.00 -1.00 0.00 -1.00
0.00 2.00 6.00 3.00 7.00 2.00 1.00 0.00
0.00 1.00 4.00 14.00 -20.00 -3.00 -1.00 1.00
0.00 1.00 2.00 13.00 19.00 9.00 3.00 1.00
-2.00 -1.00 0.00 -76.00 6.00 1.00 -1.00 -3.00
0.00 0.00 1.00 4.00 -2.00 -2.00 -1.00 -1.00
0.00 1.00 0.00 20.00 3.00 1.00 1.00 0.00
-1.00 -1.00 0.00 12.00 -1.00 2.00 1.00 0.00
0.00 1.00 1.00 3.00 -7.00 0.00 0.00 1.00
-2.00 -1.00 6.00 -4.00 1.00 -6.00 -1.00 1.00
-1.00 -2.00 -9.00 -12.00 0.00 -2.00 -2.00 -2.00
0.00 -1.00 5.00 9.00 -1.00 2.00 -1.00 -1.00
1.00 3.00 23.00 1.00 2.00 -2.00 1.00 1.00
1.00 0.00 -5.00 -10.00 -12.00 -8.00 -2.00 0.00
0.00 0.00 -3.00 -5.00 4.00 -2.00 0.00 -1.00
-2.00 0.00 -4.00 12.00 2.00 -4.00 -3.00 -1.00
1.00 2.00 0.00 6.00 0.00 -6.00 -2.00 -1.00
1.00 2.00 0.00 -2.00 -6.00 -3.00 -3.00 -2.00
-2.00 0.00 1.00 -17.00 -19.00 -4.00 0.00 0.00
0.00 -5.00 5.00 12.00 3.00 -3.00 0.00 -1.00
-3.00 -1.00 -4.00 0.00 -8.00 -9.00 -2.00 -3.00
1.00 -1.00 -1.00 -7.00 5.00 2.00 -1.00 1.00
-1.00 -3.00 -2.00 -20.00 -29.00 -7.00 -3.00 -2.00
-1.00 -1.00 -1.00 34.00 8.00 5.00 2.00 -2.00
2.00 -2.00 -2.00 -12.00 3.00 -2.00 -2.00 1.00
-1.00 0.00 0.00 -8.00 -21.00 -6.00 -4.00 -1.00
0.00 0.00 -2.00 17.00 4.00 2.00 0.00 0.00
0.00 -5.00 -1.00 -9.00 8.00 -4.00 1.00 1.00
-22.00 3.00 7.00 10.00 32.00 7.00 2.00 -2.00
-11.00 2.00 -3.00 24.00 -27.00 -3.00 0.00 0.00
-6.00 0.00 10.00 37.00 4.00 12.00 5.00 -7.00
-66.00 -26.00 -14.00 41.00 -28.00 -12.00 -33.00 -63.00
2.00 -5.00 3.00 79.00 75.00 9.00 6.00 86.00
29.00 -5.00 13.00 65.00 33.00 -13.00 1.00 8.00
-119.00 -18.00 -16.00 11.00 16.00 -25.00 0.00 -18.00
-37.00 -4.00 6.00 -4.00 -4.00 -7.00 -4.00 -7.00
60.00 11.00 -2.00 -65.00 -84.00 33.00 0.00 3.00
-12.00 -2.00 -5.00 -49.00 -35.00 -15.00 -1.00 -12.00
16.00 -1.00 -3.00 -4.00 8.00 -33.00 -4.00 7.00
-12.00 4.00 5.00 34.00 1.00 12.00 5.00 2.00
-7.00 1.00 7.00 20.00 6.00 -5.00 2.00 -2.00
-8.00 -3.00 -3.00 -47.00 18.00 -5.00 -4.00 -5.00
-2.00 0.00 2.00 8.00 2.00 3.00 0.00 0.00
0.00 -1.00 1.00 18.00 -3.00 -1.00 2.00 0.00
-1.00 1.00 0.00 17.00 6.00 4.00 2.00 2.00
-4.00 -6.00 -5.00 -20.00 -3.00 -5.00 -4.00 -3.00
9.00 -2.00 -4.00 -37.00 -3.00 -1.00 -2.00 -4.00
-2.00 0.00 -2.00 29.00 1.00 1.00 0.00 -1.00
-3.00 1.00 -2.00 -3.00 0.00 1.00 -1.00 1.00
-1.00 0.00 1.00 1.00 2.00 -5.00 0.00 -2.00
0.00 -1.00 0.00 17.00 -1.00 1.00 -1.00 0.00
1.00 1.00 -4.00 1.00 -6.00 -1.00 -1.00 0.00
-1.00 -4.00 -3.00 8.00 -8.00 0.00 -1.00 -3.00
1.00 4.00 6.00 -62.00 0.00 4.00 1.00 1.00
0.00 1.00 2.00 1.00 -1.00 5.00 1.00 0.00
-1.00 0.00 -2.00 0.00 5.00 0.00 0.00 0.00
-1.00 -1.00 5.00 11.00 5.00 4.00 -1.00 -1.00
0.00 -3.00 0.00 -7.00 -9.00 -2.00 -3.00 0.00
-1.00 0.00 1.00 -2.00 3.00 -4.00 -2.00 -2.00
-1.00 2.00 -2.00 -1.00 3.00 1.00 -1.00 0.00
