0.00 -2.00 0.00 2.00 5.00 2.00 2.00 -1.00
-1.00 -1.00 4.00 5.00 3.00 1.00 0.00 -2.00
-1.00 -2.00 -2.00 11.00 6.00 -2.00 -2.00 2.00
-1.00 1.00 -1.00 -11.00 -7.00 -2.00 -2.00 -1.00
-1.00 0.00 0.00 7.00 -9.00 -4.00 -3.00 -1.00
1.00 -1.00 -1.00 -4.00 5.00 1.00 0.00 -1.00
0.00 3.00 5.00 11.00 -9.00 -1.00 -1.00 0.00
-84.00 -13.00 -23.00 -80.00 -26.00 -2.00 32.00 2.00
101.00 6.00 0.00 20.00 5.00 5.00 -4.00 2.00
70.00 5.00 -8.00 -11.00 68.00 -68.00 -15.00 98.00
-5.00 7.00 49.00 118.00 -32.00 11.00 10.00 -31.00
-17.00 -4.00 -15.00 -109.00 -7.00 16.00 -31.00 -14.00
-34.00 1.00 -5.00 77.00 -50.00 -16.00 -1.00 -27.00
-29.00 -4.00 33.00 -76.00 -71.00 38.00 -26.00 -92.00
13.00 14.00 27.00 55.00 -5.00 -57.00 -16.00 14.00
112.00 -22.00 -3.00 12.00 -70.00 -19.00 64.00 47.00
-7.00 -2.00 -6.00 -43.00 -5.00 -11.00 -4.00 -2.00
13.00 3.00 -9.00 -43.00 15.00 -7.00 -8.00 4.00
-1.00 -1.00 -7.00 -18.00 8.00 5.00 2.00 0.00
-1.00 -3.00 1.00 13.00 -3.00 1.00 -2.00 3.00
-1.00 0.00 -2.00 -7.00 -3.00 4.00 0.00 1.00
3.00 -1.00 3.00 -16.00 -2.00 -3.00 0.00 -1.00
-1.00 -2.00 2.00 -6.00 -7.00 -3.00 -4.00 -2.00
-1.00 -3.00 -8.00 -11.00 6.00 -2.00 -2.00 -2.00
1.00 0.00 1.00 20.00 3.00 -2.00 -2.00 -1.00
1.00 -1.00 -2.00 24.00 -1.00 -4.00 0.00 1.00
0.00 3.00 6.00 -13.00 2.00 3.00 2.00 0.00
0.00 2.00 0.00 29.00 0.00 0.00 2.00 3.00
1.00 -4.00 -1.00 7.00 3.00 1.00 -1.00 1.00
-1.00 1.00 -2.00 -10.00 5.00 0.00 -3.00 -2.00
-1.00 -1.00 -7.00 1.00 -2.00 -4.00 -1.00 -3.00
-3.00 -6.00 -5.00 -2.00 -6.00 1.00 0.00 0.00
-1.00 0.00 1.00 4.00 -2.00 -2.00 -1.00 -1.00
0.00 -2.00 0.00 -12.00 0.00 -2.00 1.00 -1.00
0.00 -1.00 -4.00 2.00 3.00 1.00 -2.00 -3.00
-1.00 0.00 5.00 1.00 -1.00 -1.00 -1.00 1.00
