1.00 0.00 0.00 -9.00 7.00 -1.00 -1.00 -1.00
0.00 -1.00 0.00 -4.00 9.00 0.00 -1.00 1.00
-1.00 1.00 1.00 2.00 -1.00 -4.00 -2.00 1.00
0.00 -2.00 -2.00 -7.00 -10.00 -3.00 -1.00 -2.00
-1.00 1.00 2.00 -4.00 0.00 -6.00 -2.00 -1.00
2.00 -1.00 1.00 8.00 -18.00 -1.00 1.00 0.00
-2.00 -1.00 0.00 -7.00 4.00 0.00 0.00 0.00
-6.00 0.00 3.00 10.00 1.00 2.00 2.00 1.00
-3.00 8.00 10.00 82.00 43.00 -18.00 -15.00 -26.00
-50.00 -7.00 -7.00 -49.00 -20.00 -24.00 -9.00 -15.00
43.00 7.00 15.00 -24.00 1.00 7.00 14.00 47.00
17.00 -17.00 -27.00 -12.00 15.00 1.00 5.00 0.00
11.00 -7.00 20.00 28.00 19.00 1.00 17.00 -14.00
103.00 -23.00 -15.00 -1.00 -45.00 -21.00 4.00 -6.00
-3.00 15.00 4.00 26.00 17.00 -8.00 -9.00 6.00
29.00 -1.00 21.00 58.00 116.00 -56.00 0.00 40.00
-75.00 13.00 16.00 -34.00 17.00 21.00 -3.00 -40.00
43.00 0.00 2.00 5.00 -13.00 -16.00 2.00 17.00
-4.00 -3.00 -5.00 38.00 -15.00 -9.00 -13.00 -12.00
9.00 2.00 -6.00 11.00 -1.00 -4.00 1.00 4.00
-1.00 -1.00 -3.00 -13.00 -18.00 -5.00 -2.00 -1.00
1.00 -1.00 -3.00 -10.00 -3.00 -2.00 0.00 0.00
2.00 -2.00 -3.00 -30.00 -6.00 -1.00 2.00 0.00
-3.00 -1.00 -7.00 -76.00 -24.00 -4.00 -4.00 -1.00
0.00 2.00 3.00 16.00 -1.00 -1.00 -1.00 -1.00
1.00 -1.00 -4.00 -21.00 -1.00 -1.00 -3.00 -7.00
-1.00 -1.00 -2.00 -31.00 3.00 1.00 -5.00 -2.00
-2.00 0.00 4.00 40.00 5.00 4.00 2.00 0.00
-2.00 -4.00 -1.00 15.00 -1.00 -2.00 -2.00 0.00
-1.00 -2.00 4.00 68.00 7.00 -7.00 -2.00 -1.00
-1.00 1.00 -2.00 -3.00 -2.00 -4.00 0.00 1.00
-2.00 -1.00 -6.00 7.00 -11.00 -2.00 1.00 -1.00
1.00 1.00 5.00 15.00 6.00 2.00 -6.00 4.00
-1.00 -5.00 5.00 6.00 -3.00 -4.00 0.00 0.00
-1.00 -4.00 -5.00 9.00 2.00 1.00 1.00 4.00
0.00 0.00 4.00 2.00 -1.00 -1.00 1.00 -2.00
-3.00 -3.00 -5.00 5.00 -3.00 -3.00 1.00 -1.00
0.00 0.00 -2.00 -25.00 -2.00 0.00 -2.00 -1.00
-1.00 -1.00 3.00 -7.00 1.00 -1.00 2.00 1.00
-2.00 1.00 -2.00 -22.00 -4.00 2.00 -1.00 0.00
-1.00 -4.00 -1.00 -7.00 -5.00 -5.00 1.00 -5.00
