0.00 -2.00 -3.00 7.00 -10.00 -4.00 -1.00 0.00
-1.00 1.00 0.00 2.00 2.00 0.00 6.00 1.00
-2.00 1.00 2.00 -1.00 5.00 3.00 0.00 -1.00
2.00 0.00 5.00 58.00 9.00 -1.00 -3.00 -2.00
-12.00 -1.00 0.00 19.00 -2.00 2.00 -1.00 11.00
2.00 1.00 4.00 53.00 2.00 -4.00 -4.00 -2.00
-1.00 -1.00 -5.00 -7.00 -4.00 1.00 -1.00 3.00
0.00 2.00 1.00 -5.00 -11.00 -4.00 -4.00 1.00
13.00 -6.00 -7.00 -37.00 -48.00 -17.00 -3.00 -9.00
-1.00 2.00 1.00 15.00 -8.00 -4.00 0.00 -6.00
-1.00 3.00 0.00 -13.00 0.00 2.00 -5.00 -5.00
-3.00 -10.00 -1.00 0.00 -35.00 -27.00 -22.00 -17.00
-1.00 5.00 -17.00 -104.00 5.00 4.00 -13.00 -4.00
-31.00 -19.00 -15.00 -83.00 22.00 2.00 15.00 -4.00
7.00 4.00 3.00 44.00 -7.00 -3.00 5.00 10.00
-7.00 -10.00 -6.00 -3.00 11.00 10.00 1.00 -29.00
-4.00 3.00 6.00 21.00 -6.00 -16.00 -12.00 -4.00
3.00 -4.00 2.00 8.00 -20.00 -12.00 -28.00 -23.00
-2.00 4.00 3.00 12.00 -5.00 -2.00 -4.00 -4.00
3.00 0.00 0.00 17.00 4.00 1.00 1.00 -8.00
-2.00 1.00 -1.00 -27.00 -2.00 -4.00 4.00 5.00
0.00 -2.00 -5.00 -20.00 -3.00 1.00 0.00 4.00
0.00 -1.00 -4.00 -23.00 -1.00 0.00 -2.00 2.00
1.00 2.00 1.00 -2.00 2.00 2.00 4.00 -1.00
-2.00 -2.00 -2.00 -5.00 -7.00 -3.00 12.00 18.00
0.00 -2.00 -3.00 1.00 1.00 4.00 1.00 -2.00
-2.00 -1.00 0.00 -1.00 0.00 2.00 7.00 -9.00
-1.00 -2.00 2.00 34.00 6.00 0.00 -3.00 -3.00
1.00 0.00 -2.00 11.00 0.00 2.00 1.00 1.00
-1.00 0.00 2.00 -7.00 -3.00 6.00 4.00 9.00
0.00 1.00 0.00 -8.00 -4.00 -3.00 -3.00 -2.00
-1.00 -1.00 -2.00 3.00 -1.00 -3.00 -2.00 -3.00
-3.00 0.00 -1.00 -12.00 -1.00 -1.00 -1.00 6.00
1.00 0.00 -1.00 -5.00 -2.00 -2.00 -3.00 0.00
-1.00 -3.00 1.00 10.00 -2.00 -4.00 1.00 1.00
-1.00 -2.00 -1.00 4.00 -2.00 1.00 -3.00 -4.00
