-3.00 -8.00 -16.00 -9.00 1.00 2.00 -3.00 -8.00
0.00 -3.00 -2.00 0.00 10.00 3.00 9.00 -2.00
1.00 0.00 11.00 4.00 5.00 5.00 0.00 4.00
-1.00 -3.00 -3.00 4.00 3.00 1.00 -5.00 -5.00
1.00 4.00 14.00 12.00 14.00 6.00 3.00 -1.00
4.00 3.00 11.00 -21.00 -1.00 0.00 5.00 7.00
0.00 1.00 -2.00 19.00 6.00 0.00 -1.00 -1.00
0.00 5.00 2.00 -27.00 -1.00 1.00 -7.00 -2.00
-2.00 -3.00 -2.00 -5.00 -15.00 -3.00 -2.00 -4.00
1.00 -1.00 -8.00 6.00 -3.00 -5.00 -8.00 -16.00
1.00 0.00 -3.00 -16.00 -4.00 6.00 -3.00 -17.00
-1.00 -4.00 -1.00 -5.00 0.00 -4.00 -5.00 -7.00
-1.00 -2.00 6.00 24.00 8.00 -1.00 -2.00 -14.00
-2.00 -2.00 0.00 -6.00 4.00 -1.00 4.00 7.00
1.00 2.00 -3.00 9.00 1.00 0.00 5.00 7.00
1.00 4.00 -1.00 -32.00 -4.00 4.00 2.00 8.00
0.00 0.00 0.00 9.00 13.00 1.00 0.00 2.00
1.00 0.00 -1.00 -7.00 5.00 7.00 3.00 -3.00
1.00 -2.00 2.00 0.00 2.00 -1.00 -5.00 -2.00
-3.00 -8.00 -21.00 20.00 -1.00 -6.00 -2.00 2.00
-2.00 0.00 1.00 24.00 6.00 2.00 -12.00 -29.00
1.00 2.00 -4.00 -4.00 -5.00 -4.00 -3.00 2.00
-1.00 1.00 -7.00 -12.00 1.00 3.00 -3.00 -4.00
0.00 -1.00 -2.00 -27.00 12.00 2.00 -2.00 2.00
-2.00 -3.00 -8.00 29.00 -9.00 -6.00 -5.00 0.00
0.00 -2.00 -3.00 7.00 -2.00 -2.00 0.00 2.00
-4.00 -5.00 -1.00 -6.00 -2.00 -4.00 -11.00 -2.00
2.00 0.00 -2.00 -14.00 -1.00 1.00 2.00 8.00
2.00 5.00 10.00 16.00 -4.00 -2.00 -5.00 -1.00
-2.00 0.00 0.00 1.00 -1.00 2.00 13.00 1.00
-2.00 -4.00 2.00 4.00 3.00 -4.00 6.00 1.00
-1.00 -3.00 -6.00 -14.00 -2.00 -1.00 1.00 -10.00
1.00 0.00 -2.00 -1.00 -3.00 -1.00 -7.00 -1.00
2.00 -1.00 2.00 -7.00 -5.00 5.00 1.00 2.00
0.00 2.00 7.00 40.00 12.00 2.00 0.00 -1.00
0.00 1.00 -2.00 -16.00 0.00 1.00 8.00 12.00
-7.00 -5.00 0.00 -26.00 2.00 0.00 -8.00 2.00
8.00 9.00 15.00 16.00 37.00 9.00 18.00 -1.00
-6.00 1.00 -4.00 2.00 16.00 7.00 2.00 0.00
1.00 -3.00 -1.00 -28.00 -50.00 -5.00 3.00 4.00
-13.00 3.00 6.00 38.00 31.00 -1.00 2.00 6.00
3.00 4.00 -6.00 -47.00 22.00 -3.00 7.00 12.00
1.00 2.00 12.00 92.00 27.00 11.00 12.00 0.00
-1.00 3.00 14.00 -22.00 -24.00 1.00 -7.00 2.00
13.00 -2.00 -2.00 -1.00 -17.00 0.00 0.00 -2.00
5.00 0.00 -9.00 -44.00 -1.00 9.00 3.00 3.00
-2.00 -3.00 -5.00 19.00 21.00 9.00 -9.00 -1.00
35.00 14.00 8.00 28.00 46.00 -35.00 15.00 104.00
-23.00 -19.00 2.00 -8.00 -30.00 25.00 54.00 -55.00
9.00 -4.00 -6.00 -91.00 2.00 26.00 -32.00 -20.00
6.00 3.00 25.00 127.00 -14.00 -18.00 -12.00 -7.00
-19.00 -3.00 5.00 101.00 37.00 8.00 4.00 -8.00
8.00 5.00 0.00 -15.00 51.00 34.00 0.00 45.00
-1.00 7.00 6.00 70.00 5.00 27.00 7.00 19.00
-20.00 -11.00 -14.00 -6.00 -33.00 -16.00 -5.00 -29.00
-38.00 6.00 1.00 -61.00 -1.00 9.00 -10.00 -28.00
0.00 0.00 3.00 -13.00 24.00 -6.00 -2.00 -16.00
7.00 -1.00 -1.00 -77.00 -15.00 1.00 -5.00 -10.00
1.00 0.00 2.00 22.00 13.00 1.00 3.00 -1.00
-3.00 -1.00 -4.00 16.00 -2.00 2.00 5.00 -2.00
0.00 -3.00 -7.00 -11.00 4.00 -11.00 -2.00 -1.00
-2.00 1.00 -7.00 -3.00 6.00 3.00 -2.00 4.00
0.00 1.00 0.00 0.00 -4.00 2.00 -4.00 2.00
0.00 -2.00 -10.00 -13.00 6.00 3.00 -1.00 6.00
-2.00 0.00 18.00 -3.00 4.00 -1.00 -2.00 -18.00
-2.00 -1.00 -6.00 -19.00 -1.00 -6.00 2.00 0.00
-1.00 1.00 -2.00 -8.00 -12.00 0.00 8.00 11.00
-2.00 -5.00 3.00 -19.00 -2.00 1.00 0.00 -1.00
-2.00 0.00 -2.00 -6.00 -1.00 0.00 8.00 7.00
0.00 1.00 -3.00 -5.00 -2.00 1.00 0.00 -5.00
-1.00 -2.00 -10.00 12.00 3.00 0.00 -9.00 2.00
-3.00 -3.00 -4.00 5.00 7.00 0.00 -3.00 -5.00
-1.00 -1.00 -2.00 -7.00 -17.00 -6.00 -3.00 -3.00
-1.00 0.00 0.00 -1.00 -3.00 2.00 -2.00 -1.00
-1.00 -3.00 -6.00 0.00 2.00 3.00 1.00 5.00
-4.00 -2.00 -8.00 -22.00 -2.00 -1.00 3.00 2.00
1.00 -2.00 -4.00 -10.00 3.00 -1.00 -2.00 -8.00
0.00 -3.00 -2.00 -15.00 -5.00 -1.00 6.00 7.00
-1.00 -3.00 2.00 -9.00 -3.00 -1.00 -2.00 -1.00
0.00 -1.00 -2.00 -9.00 4.00 1.00 4.00 10.00
0.00 1.00 3.00 0.00 -2.00 -4.00 2.00 -1.00
1.00 -1.00 2.00 0.00 -6.00 1.00 5.00 11.00
-1.00 -2.00 -2.00 -1.00 0.00 0.00 -8.00 0.00
-2.00 -2.00 -2.00 3.00 0.00 2.00 -5.00 -24.00
0.00 1.00 1.00 1.00 0.00 -1.00 0.00 -3.00
-1.00 -1.00 9.00 2.00 7.00 2.00 0.00 -1.00
0.00 -1.00 1.00 1.00 6.00 -1.00 -2.00 -6.00
0.00 -1.00 1.00 1.00 5.00 3.00 1.00 9.00
-1.00 -1.00 -10.00 -1.00 5.00 1.00 5.00 -1.00
0.00 0.00 2.00 2.00 7.00 -5.00 3.00 3.00
-1.00 -3.00 -6.00 7.00 -9.00 -5.00 -7.00 -5.00
