-2.00 0.00 2.00 9.00 0.00 1.00 -1.00 -1.00
1.00 0.00 -2.00 4.00 2.00 -2.00 0.00 -1.00
-2.00 1.00 -6.00 -25.00 -25.00 -2.00 -1.00 -1.00
3.00 4.00 -1.00 2.00 30.00 6.00 3.00 3.00
-2.00 -4.00 -3.00 -8.00 -42.00 -7.00 -2.00 -3.00
-4.00 -2.00 6.00 13.00 4.00 -1.00 -5.00 -4.00
0.00 -6.00 2.00 8.00 3.00 0.00 0.00 1.00
2.00 2.00 2.00 7.00 0.00 0.00 0.00 -1.00
0.00 -1.00 1.00 5.00 0.00 2.00 0.00 0.00
-2.00 -2.00 -1.00 1.00 4.00 0.00 1.00 -2.00
0.00 2.00 1.00 -8.00 -8.00 5.00 2.00 2.00
-5.00 -1.00 -1.00 3.00 20.00 -5.00 1.00 -3.00
-19.00 -26.00 -12.00 -20.00 1.00 -55.00 -39.00 -87.00
6.00 -18.00 -22.00 -59.00 -65.00 -14.00 -29.00 -17.00
95.00 13.00 18.00 101.00 124.00 29.00 7.00 51.00
-19.00 -2.00 -27.00 -36.00 -43.00 3.00 6.00 -15.00
-7.00 1.00 38.00 42.00 89.00 -76.00 -37.00 1.00
49.00 15.00 -5.00 25.00 -48.00 29.00 18.00 -28.00
-57.00 -9.00 -10.00 -23.00 -24.00 -12.00 -11.00 -9.00
-25.00 -2.00 0.00 -8.00 -18.00 4.00 -1.00 -7.00
4.00 -1.00 -5.00 -43.00 -13.00 4.00 2.00 -3.00
-6.00 -1.00 -2.00 3.00 -8.00 -2.00 -1.00 3.00
-2.00 -2.00 -1.00 -3.00 -3.00 -4.00 0.00 0.00
-4.00 -3.00 -4.00 19.00 3.00 1.00 0.00 -1.00
-1.00 2.00 -3.00 -12.00 -7.00 -3.00 0.00 3.00
-3.00 -4.00 -11.00 10.00 -3.00 -4.00 -3.00 -10.00
-1.00 -2.00 -6.00 -21.00 -3.00 1.00 1.00 -1.00
3.00 1.00 4.00 -1.00 4.00 2.00 0.00 2.00
-1.00 -1.00 -1.00 -8.00 3.00 3.00 2.00 3.00
-1.00 -3.00 8.00 1.00 0.00 -2.00 -1.00 0.00
-6.00 -5.00 -3.00 -8.00 -12.00 -5.00 -2.00 -3.00
