0.00 0.00 -3.00 -4.00 -1.00 -2.00 -4.00 -2.00
-2.00 1.00 0.00 -3.00 -2.00 0.00 3.00 -1.00
-1.00 0.00 -2.00 -1.00 0.00 -1.00 0.00 1.00
-3.00 -6.00 0.00 -2.00 -14.00 0.00 1.00 -2.00
1.00 8.00 -17.00 5.00 -6.00 -11.00 -3.00 -4.00
-11.00 7.00 5.00 -7.00 -22.00 5.00 -6.00 -25.00
3.00 0.00 2.00 1.00 -21.00 6.00 10.00 -3.00
1.00 -18.00 -30.00 5.00 26.00 9.00 -9.00 -71.00
-18.00 -4.00 17.00 14.00 54.00 -21.00 -39.00 -116.00
3.00 6.00 -51.00 -4.00 84.00 0.00 -19.00 83.00
3.00 23.00 67.00 6.00 -69.00 -2.00 27.00 121.00
19.00 8.00 -10.00 -7.00 -43.00 -17.00 -36.00 -46.00
-39.00 -21.00 -42.00 -35.00 95.00 48.00 6.00 19.00
10.00 50.00 18.00 -17.00 10.00 7.00 -47.00 -82.00
-5.00 -38.00 28.00 2.00 -4.00 16.00 -7.00 54.00
30.00 79.00 51.00 44.00 51.00 66.00 -7.00 -32.00
9.00 40.00 13.00 37.00 27.00 -76.00 -8.00 73.00
3.00 -62.00 28.00 8.00 5.00 -43.00 7.00 81.00
63.00 70.00 -19.00 -34.00 -15.00 15.00 -14.00 -118.00
-53.00 -31.00 -44.00 38.00 -35.00 -1.00 71.00 -54.00
-32.00 70.00 58.00 41.00 -128.00 -85.00 -30.00 -15.00
-47.00 -49.00 -93.00 -42.00 74.00 -39.00 10.00 2.00
-41.00 -19.00 10.00 5.00 -19.00 -21.00 28.00 -46.00
0.00 -40.00 61.00 8.00 -21.00 -12.00 -20.00 -80.00
9.00 63.00 17.00 -13.00 -43.00 -20.00 -19.00 32.00
8.00 -58.00 -68.00 -73.00 -53.00 5.00 6.00 20.00
-25.00 -78.00 -30.00 25.00 66.00 36.00 -2.00 36.00
57.00 18.00 -8.00 -21.00 -26.00 4.00 18.00 -66.00
82.00 60.00 52.00 1.00 55.00 18.00 7.00 101.00
-45.00 -128.00 -32.00 1.00 127.00 37.00 -49.00 -50.00
-10.00 -86.00 21.00 1.00 -4.00 -18.00 5.00 74.00
-14.00 -5.00 34.00 16.00 -11.00 23.00 -15.00 -58.00
5.00 -6.00 -32.00 -35.00 -21.00 -16.00 -48.00 -69.00
17.00 19.00 88.00 23.00 -16.00 -13.00 -11.00 -44.00
15.00 14.00 49.00 -50.00 4.00 -1.00 -3.00 5.00
11.00 7.00 22.00 -50.00 -7.00 -10.00 -27.00 -7.00
-2.00 -4.00 -8.00 40.00 3.00 1.00 1.00 12.00
-2.00 1.00 -10.00 -69.00 5.00 1.00 11.00 4.00
-1.00 -3.00 -5.00 19.00 -1.00 1.00 5.00 12.00
0.00 -4.00 0.00 -12.00 -6.00 -8.00 -6.00 -3.00
2.00 0.00 4.00 53.00 5.00 4.00 5.00 9.00
0.00 -5.00 -7.00 -9.00 1.00 0.00 -7.00 1.00
0.00 -1.00 -1.00 -27.00 -4.00 2.00 4.00 -1.00
5.00 5.00 12.00 -3.00 3.00 -4.00 -2.00 -3.00
0.00 -5.00 -14.00 -7.00 6.00 2.00 8.00 4.00
1.00 1.00 -17.00 7.00 1.00 0.00 2.00 -8.00
