-2.00 -7.00 -7.00 -6.00 -4.00 -3.00 -4.00 -2.00
1.00 5.00 5.00 2.00 13.00 1.00 0.00 -1.00
0.00 4.00 0.00 -3.00 -23.00 2.00 2.00 -5.00
-13.00 -3.00 -15.00 0.00 12.00 -3.00 -11.00 -73.00
20.00 20.00 21.00 22.00 61.00 -5.00 7.00 17.00
31.00 87.00 38.00 3.00 -18.00 -13.00 -7.00 25.00
9.00 -44.00 -72.00 -11.00 26.00 9.00 3.00 25.00
-29.00 -22.00 35.00 -4.00 -92.00 -4.00 9.00 3.00
3.00 -41.00 8.00 22.00 53.00 9.00 14.00 -3.00
-6.00 26.00 10.00 10.00 20.00 0.00 -13.00 13.00
10.00 -3.00 -21.00 -13.00 15.00 -1.00 1.00 2.00
-11.00 -8.00 3.00 -21.00 5.00 2.00 -7.00 -10.00
-4.00 -3.00 -1.00 -13.00 4.00 -2.00 4.00 4.00
-5.00 -5.00 0.00 -7.00 2.00 0.00 -1.00 0.00
-1.00 -2.00 -6.00 2.00 10.00 -3.00 -4.00 -3.00
3.00 3.00 0.00 -7.00 -4.00 -1.00 -2.00 1.00
0.00 0.00 -2.00 -2.00 -1.00 -1.00 -1.00 -2.00
