-1.00 -3.00 -5.00 -9.00 1.00 4.00 2.00 -5.00
0.00 1.00 10.00 -2.00 -1.00 -2.00 -6.00 -1.00
1.00 -11.00 -11.00 0.00 4.00 -2.00 2.00 6.00
-2.00 -1.00 -4.00 -4.00 -7.00 -5.00 -8.00 -9.00
-4.00 0.00 -14.00 -17.00 -28.00 -16.00 -2.00 -10.00
-4.00 -18.00 4.00 6.00 -10.00 -24.00 -7.00 16.00
-2.00 25.00 32.00 2.00 -35.00 -21.00 20.00 95.00
16.00 33.00 26.00 33.00 -69.00 -46.00 43.00 90.00
0.00 16.00 27.00 22.00 29.00 -29.00 -6.00 58.00
-60.00 0.00 -49.00 -53.00 18.00 -40.00 -41.00 -101.00
-89.00 -22.00 -8.00 20.00 -19.00 -14.00 -78.00 -84.00
94.00 39.00 44.00 -72.00 127.00 23.00 31.00 69.00
-67.00 -128.00 -6.00 72.00 124.00 58.00 60.00 92.00
-46.00 -45.00 -50.00 7.00 25.00 -47.00 33.00 -16.00
-23.00 -33.00 17.00 25.00 -59.00 -29.00 13.00 8.00
-1.00 -47.00 15.00 -28.00 -61.00 -37.00 -20.00 -41.00
-39.00 -96.00 -24.00 -21.00 -40.00 -23.00 -21.00 8.00
-49.00 -68.00 18.00 19.00 57.00 30.00 57.00 33.00
-74.00 46.00 36.00 -65.00 43.00 -16.00 -78.00 -19.00
29.00 -4.00 22.00 22.00 -76.00 -31.00 -4.00 -85.00
8.00 82.00 24.00 21.00 77.00 32.00 12.00 17.00
-23.00 32.00 93.00 46.00 -128.00 -54.00 -35.00 55.00
-7.00 -54.00 -9.00 -19.00 36.00 -15.00 27.00 34.00
-41.00 -5.00 -17.00 26.00 -4.00 39.00 -7.00 -12.00
-14.00 -5.00 4.00 -15.00 -93.00 -28.00 -14.00 4.00
28.00 49.00 28.00 13.00 4.00 -43.00 -7.00 -88.00
-10.00 35.00 50.00 35.00 -128.00 -13.00 -8.00 -87.00
11.00 -1.00 8.00 -14.00 -91.00 -66.00 0.00 33.00
1.00 22.00 -15.00 -14.00 -15.00 6.00 -8.00 7.00
4.00 -22.00 -44.00 -13.00 -14.00 -5.00 -8.00 -27.00
43.00 31.00 -54.00 -18.00 33.00 35.00 -8.00 -46.00
2.00 7.00 -26.00 7.00 48.00 25.00 4.00 5.00
43.00 24.00 -20.00 6.00 -47.00 -25.00 -21.00 27.00
-2.00 -13.00 5.00 -42.00 -118.00 -32.00 -30.00 -19.00
-11.00 -2.00 -128.00 -13.00 -25.00 -16.00 -38.00 8.00
4.00 -3.00 42.00 13.00 -18.00 -11.00 10.00 27.00
-3.00 -6.00 -23.00 -6.00 4.00 12.00 77.00 3.00
-2.00 -1.00 -31.00 89.00 6.00 -4.00 -7.00 6.00
-4.00 -1.00 -2.00 -7.00 -4.00 -4.00 -6.00 5.00
-5.00 -6.00 0.00 -3.00 0.00 -2.00 -6.00 -3.00
3.00 -2.00 -7.00 8.00 -5.00 -3.00 5.00 1.00
