2.00 4.00 0.00 3.00 5.00 1.00 0.00 0.00
-3.00 -11.00 0.00 -1.00 5.00 -2.00 -4.00 -9.00
0.00 -18.00 -3.00 -6.00 -17.00 3.00 3.00 -4.00
16.00 -8.00 -28.00 9.00 36.00 -2.00 4.00 33.00
-15.00 37.00 -27.00 -46.00 -32.00 -17.00 -17.00 -28.00
24.00 -69.00 123.00 38.00 -69.00 -9.00 12.00 9.00
-4.00 -19.00 -114.00 26.00 4.00 8.00 16.00 35.00
27.00 -13.00 -111.00 -50.00 -42.00 -9.00 -6.00 -31.00
-4.00 -28.00 76.00 27.00 -60.00 -19.00 6.00 13.00
1.00 -46.00 -39.00 20.00 65.00 1.00 -9.00 -44.00
-1.00 35.00 -30.00 -5.00 -33.00 -6.00 9.00 -10.00
10.00 24.00 6.00 -15.00 9.00 6.00 4.00 1.00
-10.00 -21.00 -27.00 25.00 11.00 -5.00 -10.00 -16.00
-5.00 -2.00 -12.00 15.00 9.00 2.00 -4.00 -2.00
-3.00 -4.00 -4.00 -18.00 15.00 1.00 -7.00 -4.00
-3.00 -3.00 -7.00 8.00 -2.00 0.00 -3.00 -1.00
-1.00 13.00 -1.00 2.00 5.00 1.00 -3.00 -1.00
-3.00 6.00 -1.00 8.00 -4.00 0.00 -4.00 2.00
3.00 13.00 -1.00 10.00 5.00 -5.00 1.00 3.00
-3.00 -31.00 4.00 0.00 1.00 0.00 0.00 6.00
1.00 1.00 0.00 -1.00 -3.00 -2.00 0.00 2.00
