0.00 2.00 0.00 8.00 4.00 4.00 1.00 -14.00
0.00 -6.00 4.00 -7.00 2.00 7.00 -4.00 -13.00
6.00 0.00 -2.00 9.00 103.00 37.00 10.00 39.00
18.00 -1.00 21.00 21.00 22.00 3.00 -12.00 -34.00
26.00 34.00 47.00 16.00 -96.00 -15.00 9.00 91.00
10.00 -32.00 48.00 12.00 76.00 45.00 31.00 73.00
-34.00 -7.00 3.00 -14.00 18.00 -41.00 -3.00 98.00
29.00 -62.00 -60.00 -10.00 76.00 44.00 35.00 80.00
-25.00 3.00 17.00 -4.00 -17.00 -52.00 -60.00 -4.00
-56.00 -95.00 31.00 -14.00 -78.00 -66.00 -65.00 -93.00
13.00 69.00 4.00 8.00 -12.00 76.00 5.00 16.00
-12.00 99.00 83.00 13.00 -73.00 -51.00 6.00 127.00
3.00 -98.00 16.00 25.00 76.00 45.00 56.00 81.00
21.00 -126.00 -33.00 11.00 105.00 32.00 13.00 -3.00
-28.00 -109.00 -26.00 -16.00 -36.00 -5.00 6.00 72.00
31.00 -69.00 -37.00 -1.00 40.00 -47.00 -39.00 -80.00
-86.00 -80.00 64.00 -9.00 -35.00 -11.00 -21.00 -86.00
-23.00 -37.00 27.00 -13.00 -124.00 -18.00 -1.00 15.00
-1.00 21.00 -11.00 -9.00 -73.00 -8.00 -13.00 -24.00
60.00 1.00 -37.00 -12.00 -9.00 19.00 25.00 1.00
-38.00 16.00 -11.00 -9.00 -22.00 17.00 13.00 -58.00
-28.00 -10.00 -14.00 10.00 66.00 -34.00 -44.00 -63.00
10.00 -19.00 45.00 -4.00 -38.00 -20.00 7.00 59.00
-6.00 -28.00 -50.00 4.00 -59.00 -11.00 26.00 51.00
23.00 38.00 9.00 12.00 12.00 5.00 -10.00 -14.00
-19.00 -30.00 23.00 1.00 -7.00 35.00 23.00 1.00
11.00 42.00 35.00 13.00 -106.00 -22.00 -3.00 -4.00
-11.00 40.00 -10.00 -16.00 -65.00 -4.00 -1.00 15.00
-6.00 7.00 -55.00 0.00 13.00 20.00 3.00 34.00
-13.00 -11.00 -24.00 -23.00 43.00 11.00 4.00 -3.00
5.00 7.00 -5.00 5.00 -10.00 15.00 36.00 -12.00
20.00 20.00 16.00 77.00 36.00 13.00 -37.00 3.00
-2.00 7.00 -81.00 -98.00 -22.00 -15.00 -38.00 4.00
-21.00 -4.00 -83.00 17.00 9.00 -3.00 -11.00 14.00
3.00 -9.00 18.00 -87.00 -12.00 -2.00 29.00 0.00
7.00 2.00 0.00 60.00 3.00 1.00 11.00 -3.00
4.00 -9.00 -16.00 -25.00 -12.00 -1.00 -5.00 -28.00
20.00 6.00 -4.00 41.00 -10.00 0.00 -15.00 -7.00
3.00 5.00 2.00 46.00 3.00 2.00 -8.00 8.00
-5.00 -2.00 -4.00 -40.00 -4.00 4.00 9.00 30.00
-1.00 1.00 -8.00 35.00 -7.00 -6.00 -10.00 -5.00
-14.00 -4.00 -4.00 -30.00 5.00 0.00 25.00 16.00
2.00 1.00 -2.00 -55.00 -2.00 1.00 -6.00 0.00
2.00 1.00 -1.00 -16.00 1.00 1.00 -1.00 3.00
-1.00 -3.00 -3.00 -13.00 -4.00 -1.00 -9.00 -2.00
-1.00 -1.00 -1.00 -26.00 -4.00 -3.00 -1.00 7.00
0.00 -1.00 0.00 -8.00 0.00 0.00 21.00 3.00
-2.00 -2.00 -3.00 1.00 3.00 1.00 -11.00 1.00
1.00 0.00 0.00 0.00 -1.00 -3.00 0.00 3.00
-1.00 -1.00 -1.00 5.00 0.00 -2.00 -4.00 -4.00
-2.00 0.00 -2.00 -18.00 -1.00 -1.00 -3.00 -1.00
