-2.00 0.00 -3.00 -3.00 4.00 2.00 -1.00 -5.00
-1.00 -3.00 1.00 -4.00 -6.00 -6.00 -10.00 -6.00
0.00 3.00 1.00 11.00 -34.00 -14.00 -9.00 -16.00
-2.00 -12.00 -7.00 0.00 4.00 0.00 -1.00 0.00
8.00 -3.00 -7.00 3.00 27.00 6.00 14.00 78.00
5.00 -27.00 -13.00 -2.00 -22.00 2.00 17.00 71.00
7.00 40.00 50.00 -21.00 -56.00 0.00 -3.00 -33.00
-43.00 -75.00 -24.00 -2.00 -65.00 -32.00 -31.00 -80.00
7.00 54.00 27.00 0.00 73.00 -15.00 13.00 86.00
21.00 63.00 -1.00 5.00 -2.00 -25.00 -32.00 -127.00
-34.00 -6.00 -49.00 -11.00 -89.00 -42.00 -17.00 2.00
10.00 -8.00 -12.00 -30.00 -23.00 -29.00 4.00 -3.00
-32.00 -29.00 22.00 42.00 88.00 -6.00 -54.00 -110.00
-38.00 47.00 23.00 -21.00 -84.00 -33.00 -16.00 -70.00
-3.00 -95.00 -19.00 -16.00 -52.00 3.00 -27.00 -30.00
7.00 -32.00 -3.00 25.00 70.00 -13.00 -30.00 5.00
70.00 127.00 24.00 9.00 -67.00 -47.00 -3.00 70.00
60.00 75.00 31.00 -18.00 -64.00 -8.00 14.00 14.00
-28.00 51.00 5.00 38.00 -18.00 7.00 5.00 12.00
16.00 89.00 37.00 35.00 68.00 23.00 26.00 37.00
104.00 -20.00 -66.00 -28.00 -42.00 -22.00 -39.00 1.00
-11.00 -43.00 21.00 -33.00 -61.00 -20.00 10.00 -21.00
-40.00 -26.00 -73.00 -48.00 88.00 23.00 -13.00 17.00
-22.00 -27.00 -15.00 -11.00 -91.00 -44.00 -12.00 -63.00
-13.00 -36.00 14.00 44.00 37.00 12.00 7.00 -57.00
2.00 11.00 12.00 -7.00 -40.00 16.00 5.00 51.00
-10.00 -4.00 8.00 22.00 -26.00 -7.00 -6.00 49.00
54.00 103.00 2.00 20.00 -28.00 -13.00 30.00 26.00
-30.00 -47.00 -43.00 -34.00 -48.00 -25.00 -28.00 24.00
-24.00 -54.00 5.00 -9.00 103.00 45.00 9.00 -4.00
-31.00 -43.00 42.00 -26.00 -126.00 -29.00 -20.00 7.00
-28.00 -34.00 42.00 -7.00 -2.00 -17.00 0.00 2.00
-5.00 -3.00 -43.00 43.00 1.00 -24.00 34.00 20.00
47.00 24.00 -6.00 76.00 9.00 -2.00 -20.00 11.00
0.00 1.00 74.00 -41.00 7.00 7.00 6.00 -13.00
-3.00 -17.00 -5.00 31.00 9.00 3.00 5.00 1.00
-2.00 0.00 -9.00 -8.00 3.00 -8.00 -14.00 2.00
1.00 -2.00 -4.00 -25.00 -8.00 -5.00 -2.00 7.00
1.00 4.00 18.00 25.00 -4.00 -6.00 -10.00 -1.00
0.00 -2.00 -3.00 -19.00 -4.00 0.00 -2.00 1.00
-2.00 1.00 2.00 18.00 -1.00 1.00 0.00 9.00
