0.00 0.00 2.00 1.00 3.00 3.00 0.00 1.00
0.00 -3.00 -3.00 -2.00 0.00 -1.00 -2.00 -1.00
0.00 -1.00 0.00 0.00 0.00 1.00 2.00 2.00
-2.00 1.00 -1.00 -1.00 0.00 -1.00 -3.00 -2.00
2.00 10.00 -3.00 -2.00 11.00 2.00 0.00 0.00
2.00 -24.00 0.00 2.00 -3.00 -2.00 -3.00 -7.00
-7.00 -30.00 10.00 -7.00 0.00 -4.00 -6.00 -14.00
-8.00 -48.00 -71.00 -7.00 4.00 -6.00 -11.00 -35.00
-24.00 -57.00 14.00 1.00 -2.00 1.00 -4.00 -43.00
-8.00 -44.00 14.00 7.00 -24.00 1.00 6.00 40.00
11.00 127.00 12.00 -8.00 -7.00 -2.00 -1.00 -36.00
-54.00 -58.00 44.00 25.00 -24.00 -9.00 1.00 22.00
3.00 36.00 -4.00 6.00 -21.00 4.00 1.00 -12.00
29.00 20.00 17.00 -9.00 -6.00 0.00 -16.00 18.00
19.00 -26.00 -12.00 -16.00 20.00 4.00 20.00 7.00
6.00 9.00 3.00 -10.00 10.00 2.00 -1.00 0.00
1.00 2.00 7.00 49.00 11.00 5.00 6.00 5.00
1.00 2.00 2.00 18.00 1.00 -2.00 -1.00 -2.00
-2.00 -2.00 -3.00 -5.00 -6.00 -4.00 -2.00 -2.00
-1.00 -1.00 -2.00 9.00 1.00 -1.00 0.00 0.00
0.00 -1.00 0.00 -2.00 -5.00 -3.00 -1.00 1.00
