-1.00 -3.00 1.00 -2.00 0.00 -1.00 -2.00 -2.00
-1.00 -6.00 -4.00 -2.00 -2.00 -1.00 1.00 0.00
1.00 -3.00 4.00 -2.00 -1.00 -2.00 -1.00 -2.00
-5.00 -10.00 -9.00 -3.00 -3.00 -2.00 -2.00 -2.00
2.00 6.00 8.00 6.00 3.00 1.00 4.00 5.00
-22.00 -61.00 31.00 5.00 12.00 8.00 4.00 -10.00
3.00 5.00 -18.00 -45.00 1.00 4.00 -6.00 -11.00
21.00 -7.00 36.00 1.00 -27.00 -5.00 15.00 31.00
29.00 73.00 29.00 12.00 -10.00 6.00 1.00 -20.00
14.00 40.00 -70.00 6.00 13.00 6.00 -2.00 33.00
29.00 -76.00 -50.00 19.00 79.00 16.00 31.00 124.00
-45.00 -95.00 -17.00 42.00 8.00 5.00 -31.00 -54.00
-12.00 -6.00 -64.00 35.00 -27.00 -6.00 -13.00 -9.00
4.00 26.00 -4.00 23.00 -21.00 -2.00 5.00 13.00
2.00 9.00 -22.00 -48.00 -9.00 -2.00 -10.00 1.00
-5.00 -2.00 -5.00 15.00 6.00 3.00 5.00 0.00
1.00 5.00 0.00 -15.00 -9.00 -2.00 -8.00 5.00
-3.00 11.00 -4.00 -8.00 -7.00 -3.00 -1.00 -1.00
-2.00 -6.00 -7.00 -5.00 4.00 2.00 2.00 2.00
2.00 4.00 2.00 -1.00 -2.00 1.00 0.00 -5.00
1.00 2.00 0.00 -1.00 2.00 1.00 -3.00 1.00
