0.00 -1.00 -2.00 -5.00 -2.00 -1.00 -2.00 -3.00
2.00 6.00 -1.00 -9.00 -4.00 -1.00 11.00 7.00
-1.00 -1.00 -2.00 -16.00 5.00 2.00 0.00 -3.00
10.00 2.00 -6.00 -1.00 -22.00 -12.00 -4.00 2.00
17.00 -2.00 2.00 -19.00 -101.00 -14.00 6.00 45.00
1.00 -4.00 27.00 16.00 -61.00 -38.00 -22.00 -92.00
9.00 13.00 39.00 -1.00 -87.00 0.00 33.00 41.00
-43.00 35.00 86.00 -34.00 -19.00 41.00 9.00 -87.00
-27.00 79.00 2.00 10.00 126.00 -1.00 50.00 -29.00
-33.00 67.00 35.00 61.00 -54.00 -32.00 0.00 106.00
64.00 -49.00 -55.00 -38.00 116.00 57.00 55.00 -97.00
-84.00 -51.00 -68.00 8.00 7.00 -26.00 9.00 -6.00
-43.00 -1.00 -30.00 18.00 -60.00 -8.00 26.00 43.00
55.00 29.00 7.00 -43.00 5.00 10.00 -89.00 -112.00
-6.00 -24.00 -45.00 22.00 127.00 73.00 4.00 -53.00
26.00 72.00 -51.00 -18.00 -25.00 -12.00 84.00 -16.00
28.00 26.00 20.00 -19.00 -80.00 -14.00 26.00 -31.00
-29.00 54.00 60.00 -30.00 -44.00 -35.00 -11.00 18.00
3.00 -70.00 0.00 30.00 -77.00 -15.00 12.00 3.00
22.00 -16.00 1.00 17.00 7.00 10.00 -11.00 -63.00
-14.00 -8.00 -18.00 -7.00 4.00 14.00 22.00 80.00
-5.00 35.00 28.00 10.00 -103.00 0.00 -4.00 45.00
21.00 1.00 -19.00 0.00 -46.00 5.00 -30.00 -100.00
32.00 103.00 -27.00 0.00 -64.00 -44.00 -27.00 -2.00
-10.00 -43.00 -14.00 3.00 2.00 -17.00 -24.00 3.00
2.00 7.00 22.00 -15.00 -13.00 12.00 -26.00 27.00
-7.00 -7.00 5.00 22.00 0.00 -32.00 12.00 90.00
-33.00 -20.00 19.00 -1.00 -21.00 -6.00 20.00 -19.00
5.00 3.00 -9.00 -20.00 -67.00 -10.00 25.00 -12.00
-29.00 9.00 -9.00 -8.00 -42.00 -22.00 -18.00 -128.00
60.00 113.00 -33.00 -20.00 -15.00 -1.00 -32.00 -94.00
17.00 -4.00 -28.00 7.00 33.00 -5.00 -24.00 19.00
22.00 9.00 -25.00 7.00 44.00 14.00 -49.00 13.00
-4.00 15.00 -114.00 -62.00 -24.00 -2.00 62.00 24.00
2.00 20.00 34.00 24.00 12.00 4.00 11.00 4.00
-6.00 -7.00 34.00 -67.00 -24.00 -11.00 -10.00 -7.00
-4.00 1.00 -4.00 27.00 8.00 11.00 14.00 -1.00
4.00 6.00 4.00 40.00 7.00 4.00 3.00 -15.00
-14.00 0.00 -1.00 -15.00 -13.00 -7.00 -21.00 21.00
-3.00 -4.00 -18.00 -88.00 -35.00 -9.00 5.00 5.00
19.00 1.00 4.00 4.00 7.00 0.00 15.00 -9.00
-6.00 -3.00 1.00 86.00 6.00 0.00 3.00 -14.00
2.00 -1.00 3.00 14.00 6.00 3.00 -3.00 -16.00
-1.00 -1.00 -1.00 9.00 -3.00 0.00 -7.00 3.00
-2.00 -2.00 -2.00 -17.00 -1.00 -3.00 -10.00 -2.00
0.00 0.00 -1.00 -9.00 0.00 -1.00 0.00 0.00
