0.00 -2.00 -1.00 0.00 1.00 3.00 0.00 1.00
1.00 6.00 -3.00 -1.00 5.00 0.00 0.00 2.00
1.00 -4.00 -2.00 5.00 -13.00 -3.00 3.00 7.00
16.00 30.00 -11.00 -74.00 17.00 6.00 -5.00 -12.00
12.00 -58.00 -12.00 29.00 6.00 20.00 38.00 22.00
-3.00 11.00 53.00 94.00 35.00 1.00 -8.00 -7.00
26.00 -55.00 55.00 24.00 -34.00 -17.00 -8.00 81.00
-25.00 64.00 -60.00 -75.00 28.00 14.00 -16.00 -96.00
-21.00 20.00 -20.00 10.00 -29.00 -4.00 4.00 -13.00
-7.00 45.00 37.00 -19.00 -9.00 -11.00 42.00 19.00
-22.00 -58.00 16.00 5.00 -86.00 6.00 21.00 12.00
11.00 1.00 29.00 28.00 95.00 15.00 -2.00 -1.00
-16.00 -10.00 -38.00 -1.00 -71.00 -22.00 -7.00 24.00
-2.00 23.00 20.00 4.00 16.00 -3.00 -2.00 -19.00
-5.00 54.00 -21.00 -16.00 24.00 5.00 -31.00 -54.00
12.00 30.00 13.00 -12.00 6.00 7.00 10.00 39.00
1.00 -64.00 -20.00 -28.00 15.00 -8.00 -21.00 -27.00
-16.00 0.00 6.00 30.00 25.00 5.00 4.00 -25.00
-1.00 -28.00 -1.00 4.00 14.00 2.00 23.00 -7.00
-5.00 3.00 3.00 -25.00 -9.00 -2.00 -5.00 -5.00
12.00 -11.00 -12.00 -34.00 3.00 -1.00 2.00 6.00
-6.00 -1.00 4.00 13.00 -12.00 -10.00 -30.00 -7.00
-3.00 -5.00 2.00 20.00 -2.00 1.00 6.00 2.00
0.00 1.00 2.00 -7.00 2.00 2.00 4.00 -2.00
-1.00 -1.00 -3.00 -22.00 1.00 1.00 2.00 -3.00
-1.00 -2.00 -1.00 24.00 3.00 -4.00 -6.00 -3.00
-1.00 0.00 -1.00 -3.00 5.00 3.00 2.00 1.00
-2.00 -1.00 0.00 -14.00 -2.00 -1.00 4.00 1.00
1.00 1.00 2.00 11.00 0.00 -1.00 3.00 6.00
-2.00 -2.00 -2.00 83.00 -2.00 0.00 0.00 4.00
-1.00 -2.00 -2.00 -43.00 -1.00 0.00 -1.00 -11.00
