-2.00 5.00 0.00 10.00 0.00 -5.00 2.00 3.00
-2.00 -19.00 -3.00 27.00 0.00 -1.00 3.00 1.00
3.00 7.00 -3.00 9.00 31.00 4.00 5.00 -3.00
10.00 -20.00 3.00 -8.00 -60.00 9.00 34.00 92.00
-4.00 -11.00 -6.00 53.00 10.00 5.00 6.00 11.00
19.00 -24.00 -2.00 79.00 -121.00 -3.00 8.00 37.00
-8.00 -33.00 -22.00 -11.00 8.00 -9.00 0.00 -22.00
14.00 -18.00 21.00 8.00 26.00 -3.00 1.00 3.00
-15.00 -88.00 -65.00 4.00 23.00 1.00 -20.00 -8.00
46.00 54.00 44.00 49.00 16.00 14.00 19.00 57.00
17.00 -36.00 -1.00 9.00 -32.00 15.00 33.00 23.00
7.00 22.00 23.00 11.00 46.00 12.00 8.00 11.00
9.00 127.00 0.00 61.00 39.00 -14.00 -51.00 -13.00
-36.00 -58.00 -128.00 9.00 -128.00 -26.00 3.00 73.00
-32.00 -56.00 -27.00 -97.00 -45.00 -10.00 -12.00 -49.00
-28.00 -36.00 35.00 -25.00 -35.00 -5.00 -32.00 -32.00
5.00 25.00 78.00 96.00 55.00 6.00 -20.00 -65.00
14.00 36.00 -13.00 -17.00 -46.00 -8.00 -5.00 -7.00
-2.00 16.00 -31.00 -72.00 36.00 1.00 -1.00 2.00
48.00 -13.00 -38.00 -7.00 25.00 -2.00 -6.00 79.00
-25.00 9.00 6.00 78.00 51.00 -2.00 49.00 21.00
3.00 31.00 14.00 -38.00 15.00 3.00 57.00 10.00
-12.00 -38.00 -14.00 -49.00 -69.00 -10.00 -29.00 -13.00
9.00 7.00 1.00 31.00 27.00 2.00 -33.00 -7.00
8.00 3.00 1.00 -9.00 9.00 2.00 14.00 1.00
4.00 1.00 -3.00 -20.00 1.00 0.00 23.00 6.00
3.00 -1.00 -7.00 -49.00 -15.00 -1.00 2.00 0.00
-2.00 -2.00 -3.00 -4.00 -10.00 -6.00 3.00 0.00
1.00 -5.00 -2.00 -3.00 4.00 -2.00 3.00 -2.00
-2.00 -2.00 -5.00 1.00 -2.00 3.00 -8.00 -7.00
0.00 1.00 3.00 49.00 8.00 4.00 4.00 0.00
