0.00 -1.00 -4.00 -2.00 0.00 -2.00 -1.00 -1.00
-1.00 -2.00 2.00 3.00 -2.00 -2.00 0.00 0.00
0.00 0.00 1.00 1.00 -1.00 1.00 -2.00 -1.00
-2.00 -7.00 0.00 2.00 1.00 1.00 1.00 1.00
-1.00 -9.00 2.00 -1.00 1.00 -2.00 -1.00 0.00
0.00 1.00 -3.00 -1.00 -1.00 -1.00 -2.00 0.00
-3.00 -36.00 -7.00 -9.00 -12.00 2.00 -1.00 -3.00
5.00 -64.00 -16.00 -9.00 -64.00 -1.00 -5.00 9.00
22.00 127.00 -2.00 4.00 -7.00 -14.00 0.00 -7.00
-39.00 -90.00 -50.00 -6.00 -11.00 13.00 -2.00 20.00
22.00 3.00 18.00 8.00 30.00 6.00 6.00 8.00
10.00 106.00 47.00 -8.00 19.00 -1.00 3.00 18.00
27.00 -92.00 -21.00 6.00 -51.00 -7.00 11.00 38.00
-33.00 85.00 13.00 17.00 56.00 -9.00 -25.00 -55.00
42.00 105.00 79.00 -4.00 37.00 13.00 -2.00 -43.00
-43.00 5.00 76.00 -5.00 -16.00 13.00 1.00 -29.00
12.00 -8.00 45.00 1.00 0.00 12.00 30.00 6.00
-65.00 -28.00 -11.00 53.00 -6.00 -6.00 -28.00 -26.00
-5.00 -13.00 1.00 -41.00 -1.00 0.00 -10.00 -3.00
10.00 -9.00 -4.00 -9.00 -3.00 1.00 -4.00 -11.00
-3.00 -3.00 1.00 -3.00 -3.00 -2.00 -1.00 2.00
5.00 5.00 -3.00 2.00 -2.00 0.00 -2.00 0.00
-3.00 -28.00 -6.00 4.00 0.00 -1.00 -2.00 -4.00
1.00 -1.00 4.00 -2.00 0.00 -1.00 -2.00 -1.00
0.00 5.00 1.00 4.00 -3.00 -1.00 0.00 1.00
-1.00 4.00 0.00 23.00 -4.00 -2.00 -1.00 -3.00
