2.00 -1.00 -2.00 -5.00 -2.00 7.00 0.00 -1.00
-2.00 -6.00 -7.00 -4.00 9.00 0.00 0.00 -1.00
1.00 0.00 -2.00 0.00 -5.00 -1.00 -1.00 -1.00
-2.00 -3.00 1.00 2.00 0.00 -2.00 -3.00 -1.00
-1.00 18.00 -7.00 4.00 19.00 -7.00 -1.00 -1.00
4.00 -8.00 18.00 8.00 24.00 -2.00 0.00 28.00
-6.00 22.00 22.00 -1.00 -15.00 -4.00 5.00 24.00
-24.00 -27.00 -47.00 -6.00 -4.00 -13.00 -14.00 -24.00
2.00 -51.00 -31.00 -6.00 36.00 -8.00 0.00 22.00
-5.00 -95.00 -26.00 -4.00 -30.00 -7.00 0.00 8.00
-35.00 -77.00 36.00 2.00 5.00 -3.00 -8.00 -56.00
9.00 18.00 12.00 -11.00 -28.00 -1.00 0.00 6.00
-3.00 23.00 -50.00 2.00 13.00 -9.00 -8.00 -7.00
3.00 48.00 -42.00 0.00 -46.00 -2.00 -6.00 -3.00
-3.00 -61.00 3.00 8.00 49.00 0.00 -3.00 19.00
29.00 7.00 -17.00 5.00 -33.00 1.00 6.00 19.00
-3.00 -10.00 -100.00 -4.00 27.00 -3.00 -2.00 38.00
-50.00 1.00 -1.00 -11.00 34.00 -9.00 -14.00 -36.00
11.00 84.00 28.00 3.00 5.00 -5.00 11.00 -18.00
0.00 -25.00 -4.00 5.00 1.00 2.00 5.00 2.00
0.00 12.00 -3.00 2.00 0.00 -2.00 3.00 -8.00
0.00 2.00 2.00 40.00 22.00 7.00 10.00 6.00
0.00 -1.00 9.00 84.00 5.00 4.00 1.00 1.00
1.00 -5.00 -9.00 2.00 -25.00 -6.00 -8.00 -10.00
-4.00 -3.00 -10.00 -20.00 -12.00 -8.00 -6.00 -2.00
2.00 3.00 4.00 10.00 9.00 4.00 5.00 5.00
-1.00 0.00 2.00 32.00 0.00 -1.00 5.00 0.00
-3.00 -2.00 -2.00 0.00 5.00 1.00 -3.00 -4.00
-2.00 -3.00 0.00 45.00 1.00 -1.00 -4.00 -1.00
0.00 -1.00 -9.00 -56.00 0.00 -2.00 -1.00 -4.00
0.00 0.00 -1.00 -5.00 2.00 -1.00 -2.00 -1.00
-1.00 -2.00 0.00 12.00 0.00 -1.00 0.00 0.00
1.00 1.00 0.00 -9.00 2.00 1.00 -1.00 0.00
-3.00 -7.00 -12.00 1.00 -4.00 -4.00 -2.00 -2.00
0.00 0.00 3.00 -4.00 7.00 3.00 -2.00 -1.00
1.00 -1.00 -1.00 -3.00 -1.00 1.00 -2.00 0.00
