-2.00 0.00 4.00 -5.00 -10.00 -6.00 -2.00 2.00
0.00 -3.00 -3.00 -2.00 4.00 -2.00 0.00 11.00
-9.00 3.00 25.00 -5.00 -113.00 -30.00 -8.00 3.00
25.00 16.00 18.00 7.00 -24.00 -25.00 0.00 57.00
-3.00 -5.00 -13.00 -61.00 61.00 48.00 38.00 12.00
-62.00 23.00 -12.00 1.00 -128.00 -44.00 -31.00 -6.00
16.00 28.00 -8.00 17.00 13.00 -1.00 -3.00 80.00
46.00 23.00 31.00 -11.00 -102.00 -37.00 -12.00 32.00
-1.00 -35.00 4.00 -15.00 -57.00 39.00 -16.00 -42.00
-20.00 45.00 44.00 -17.00 -78.00 25.00 -19.00 18.00
105.00 41.00 48.00 50.00 110.00 59.00 2.00 78.00
41.00 6.00 -24.00 -20.00 91.00 85.00 -14.00 -109.00
-22.00 -103.00 -85.00 7.00 -128.00 -27.00 85.00 -126.00
44.00 -4.00 -69.00 -17.00 -107.00 -6.00 1.00 -24.00
-28.00 -83.00 -59.00 -46.00 -3.00 12.00 9.00 127.00
20.00 14.00 58.00 47.00 54.00 6.00 -79.00 -93.00
-52.00 -8.00 -17.00 -49.00 3.00 86.00 70.00 88.00
-56.00 35.00 12.00 18.00 -122.00 -81.00 2.00 115.00
-18.00 3.00 0.00 36.00 35.00 -40.00 14.00 -128.00
30.00 96.00 1.00 4.00 50.00 65.00 83.00 -26.00
-2.00 -31.00 0.00 12.00 127.00 70.00 66.00 46.00
10.00 5.00 -9.00 10.00 -24.00 -9.00 -47.00 10.00
-4.00 -1.00 127.00 37.00 -2.00 -14.00 0.00 22.00
6.00 2.00 32.00 -38.00 -36.00 -10.00 -11.00 7.00
3.00 8.00 6.00 49.00 -1.00 -6.00 -19.00 2.00
0.00 -2.00 0.00 3.00 -1.00 -7.00 -5.00 11.00
-6.00 -4.00 -1.00 42.00 2.00 0.00 -7.00 -14.00
-5.00 -3.00 -5.00 10.00 4.00 -6.00 6.00 1.00
-1.00 0.00 -3.00 2.00 3.00 0.00 3.00 11.00
1.00 0.00 -3.00 -12.00 -3.00 1.00 1.00 10.00
-1.00 -2.00 -1.00 -29.00 0.00 2.00 -1.00 -8.00
