-1.00 -11.00 -7.00 -17.00 -3.00 1.00 -11.00 -11.00
1.00 -8.00 3.00 5.00 6.00 1.00 0.00 -3.00
5.00 14.00 5.00 -2.00 -1.00 5.00 0.00 3.00
-3.00 13.00 1.00 -8.00 -7.00 0.00 -2.00 6.00
0.00 21.00 2.00 -3.00 -1.00 -8.00 -3.00 -2.00
6.00 38.00 6.00 0.00 1.00 -7.00 -3.00 22.00
10.00 20.00 4.00 0.00 -22.00 -9.00 1.00 10.00
-7.00 -79.00 -55.00 -41.00 -18.00 -12.00 9.00 55.00
-20.00 -85.00 -25.00 22.00 -58.00 -12.00 -11.00 -23.00
9.00 17.00 -1.00 20.00 20.00 -13.00 -13.00 -15.00
27.00 -61.00 29.00 18.00 52.00 -4.00 1.00 1.00
-5.00 -123.00 1.00 31.00 -92.00 8.00 22.00 53.00
22.00 68.00 -23.00 59.00 -26.00 16.00 7.00 4.00
7.00 -19.00 2.00 -106.00 -19.00 -13.00 -11.00 10.00
-17.00 -33.00 -42.00 -27.00 93.00 0.00 55.00 -22.00
46.00 -59.00 -10.00 -5.00 -17.00 0.00 -26.00 -20.00
-4.00 -44.00 -5.00 -67.00 29.00 -4.00 -12.00 -18.00
26.00 66.00 78.00 57.00 -73.00 -17.00 -18.00 17.00
20.00 105.00 32.00 -6.00 -24.00 29.00 18.00 3.00
-14.00 -81.00 -50.00 -33.00 46.00 5.00 -12.00 12.00
-31.00 -83.00 -19.00 -67.00 -53.00 -14.00 -6.00 -17.00
-7.00 -23.00 -66.00 0.00 -25.00 -2.00 35.00 42.00
38.00 -62.00 38.00 4.00 -50.00 -16.00 -23.00 3.00
-5.00 -27.00 -51.00 42.00 104.00 12.00 3.00 -25.00
7.00 49.00 20.00 62.00 -40.00 -5.00 1.00 20.00
29.00 80.00 -12.00 -55.00 5.00 8.00 -4.00 -1.00
-15.00 19.00 8.00 -1.00 11.00 -10.00 22.00 -8.00
-22.00 -17.00 16.00 51.00 -93.00 -11.00 15.00 -2.00
11.00 41.00 -3.00 34.00 4.00 8.00 9.00 -11.00
3.00 0.00 -8.00 -25.00 -23.00 -17.00 -75.00 -3.00
9.00 7.00 14.00 41.00 -11.00 -3.00 10.00 15.00
-4.00 -29.00 -23.00 -72.00 -36.00 -13.00 -24.00 -2.00
3.00 6.00 13.00 -74.00 -1.00 -1.00 6.00 6.00
-4.00 -6.00 -20.00 -47.00 -11.00 -2.00 -3.00 -1.00
2.00 6.00 9.00 0.00 14.00 9.00 -1.00 7.00
0.00 1.00 -11.00 -102.00 -23.00 4.00 -1.00 -2.00
-1.00 -6.00 -21.00 -92.00 -20.00 -6.00 -2.00 3.00
0.00 6.00 11.00 23.00 5.00 1.00 -1.00 -7.00
-2.00 -1.00 -1.00 22.00 7.00 3.00 7.00 -1.00
5.00 14.00 36.00 12.00 5.00 2.00 -3.00 1.00
-1.00 -3.00 -11.00 -5.00 -10.00 1.00 -8.00 -4.00
-2.00 0.00 -9.00 -3.00 -3.00 -1.00 15.00 -10.00
-1.00 -5.00 -5.00 22.00 1.00 -5.00 -7.00 1.00
-3.00 2.00 7.00 67.00 0.00 -1.00 -1.00 1.00
-2.00 -3.00 -8.00 -2.00 0.00 1.00 2.00 -12.00
0.00 4.00 7.00 -1.00 -3.00 2.00 6.00 3.00
