1.00 0.00 0.00 -1.00 1.00 0.00 0.00 -2.00
0.00 -1.00 4.00 1.00 0.00 0.00 0.00 0.00
1.00 1.00 -2.00 0.00 1.00 -1.00 1.00 0.00
-2.00 -5.00 4.00 1.00 1.00 1.00 -1.00 0.00
0.00 -3.00 5.00 1.00 11.00 1.00 0.00 0.00
1.00 19.00 -2.00 3.00 9.00 1.00 -1.00 -1.00
-7.00 -52.00 -7.00 -3.00 -12.00 -6.00 -2.00 -2.00
-1.00 2.00 -1.00 1.00 -2.00 0.00 -2.00 -2.00
1.00 22.00 -3.00 0.00 1.00 0.00 2.00 1.00
-4.00 -29.00 -2.00 -2.00 -8.00 -2.00 -1.00 -4.00
30.00 -15.00 27.00 6.00 -4.00 3.00 11.00 93.00
18.00 19.00 -25.00 8.00 18.00 -1.00 14.00 74.00
17.00 11.00 12.00 7.00 -4.00 5.00 12.00 50.00
9.00 97.00 -82.00 4.00 37.00 -4.00 -13.00 -58.00
-14.00 -13.00 21.00 23.00 10.00 -5.00 -2.00 -35.00
16.00 32.00 59.00 -10.00 -18.00 10.00 8.00 9.00
5.00 -47.00 18.00 -7.00 37.00 -5.00 4.00 37.00
-25.00 -10.00 -28.00 -24.00 -8.00 -1.00 -4.00 -15.00
-1.00 9.00 -19.00 -9.00 -23.00 -5.00 -4.00 -5.00
-5.00 -1.00 -6.00 -7.00 -1.00 -1.00 -6.00 -4.00
-10.00 -45.00 -11.00 -11.00 -9.00 0.00 -5.00 -6.00
-4.00 1.00 8.00 -4.00 5.00 -3.00 -6.00 -4.00
0.00 15.00 4.00 -1.00 -4.00 0.00 3.00 -3.00
3.00 2.00 2.00 -3.00 -4.00 0.00 0.00 -1.00
-1.00 -1.00 -2.00 11.00 1.00 0.00 -2.00 -2.00
-2.00 0.00 -4.00 -4.00 0.00 0.00 1.00 8.00
