-2.00 -9.00 1.00 0.00 -5.00 -1.00 -5.00 -6.00
1.00 2.00 1.00 0.00 -2.00 -3.00 2.00 1.00
9.00 1.00 0.00 -4.00 4.00 3.00 -2.00 4.00
-2.00 -2.00 1.00 2.00 -3.00 0.00 6.00 7.00
1.00 2.00 1.00 -5.00 -9.00 -6.00 -5.00 -2.00
4.00 8.00 -4.00 -4.00 -19.00 -7.00 -5.00 0.00
-3.00 -5.00 -1.00 9.00 8.00 -2.00 -2.00 7.00
0.00 -27.00 15.00 4.00 -62.00 -17.00 -7.00 24.00
-24.00 -20.00 -18.00 -4.00 127.00 8.00 -9.00 4.00
4.00 -37.00 -13.00 -8.00 -6.00 2.00 -1.00 29.00
-14.00 -86.00 -56.00 -47.00 106.00 8.00 -27.00 -36.00
35.00 113.00 9.00 86.00 9.00 6.00 -20.00 1.00
-24.00 -100.00 -62.00 -31.00 82.00 3.00 -4.00 -44.00
4.00 65.00 41.00 0.00 -90.00 -10.00 -6.00 34.00
24.00 -6.00 -4.00 -1.00 -68.00 1.00 46.00 -65.00
-32.00 -88.00 -99.00 -68.00 92.00 11.00 -7.00 25.00
0.00 -90.00 80.00 24.00 10.00 -9.00 2.00 -18.00
-40.00 -7.00 -48.00 -2.00 7.00 -16.00 -19.00 28.00
19.00 41.00 16.00 45.00 44.00 -3.00 -1.00 -28.00
24.00 102.00 25.00 17.00 -25.00 -9.00 -11.00 -71.00
19.00 -5.00 -34.00 17.00 102.00 3.00 8.00 26.00
37.00 35.00 38.00 38.00 -12.00 8.00 9.00 -27.00
-14.00 -107.00 -39.00 -1.00 39.00 -10.00 -8.00 -5.00
-18.00 50.00 26.00 21.00 24.00 6.00 -5.00 -20.00
10.00 41.00 11.00 -51.00 -31.00 -12.00 -6.00 -2.00
25.00 79.00 49.00 -5.00 21.00 6.00 31.00 8.00
-18.00 122.00 15.00 -21.00 -69.00 3.00 -11.00 -21.00
20.00 50.00 2.00 -28.00 -58.00 -10.00 -20.00 19.00
-25.00 -116.00 11.00 2.00 79.00 0.00 0.00 -19.00
-7.00 -23.00 1.00 -7.00 -11.00 5.00 26.00 -6.00
7.00 -48.00 -45.00 31.00 -61.00 -9.00 -2.00 -2.00
-8.00 16.00 -10.00 -30.00 -30.00 -6.00 -4.00 1.00
5.00 -4.00 -19.00 43.00 -14.00 -11.00 31.00 2.00
-2.00 3.00 -7.00 -9.00 -12.00 -5.00 15.00 5.00
7.00 7.00 -1.00 -21.00 12.00 9.00 -5.00 3.00
3.00 3.00 8.00 34.00 12.00 4.00 -25.00 -8.00
4.00 1.00 -5.00 -100.00 -10.00 2.00 -3.00 -1.00
7.00 5.00 5.00 27.00 5.00 2.00 3.00 0.00
-3.00 -2.00 -8.00 23.00 0.00 -8.00 -8.00 7.00
8.00 0.00 -6.00 13.00 7.00 6.00 7.00 -4.00
1.00 -2.00 3.00 67.00 -4.00 4.00 7.00 7.00
