1.00 7.00 0.00 8.00 4.00 0.00 7.00 5.00
1.00 2.00 -6.00 -9.00 0.00 3.00 -2.00 -4.00
2.00 1.00 -2.00 3.00 -4.00 -2.00 -2.00 -1.00
1.00 6.00 -1.00 2.00 8.00 6.00 4.00 -1.00
-1.00 1.00 -1.00 -35.00 -8.00 -1.00 -4.00 -7.00
-3.00 -6.00 4.00 7.00 -5.00 2.00 3.00 16.00
3.00 29.00 3.00 20.00 -4.00 -1.00 6.00 -4.00
16.00 34.00 6.00 -19.00 15.00 12.00 1.00 6.00
7.00 49.00 17.00 19.00 5.00 0.00 -21.00 -29.00
-23.00 4.00 11.00 -47.00 2.00 -3.00 5.00 -1.00
-17.00 86.00 -48.00 0.00 -27.00 -3.00 -3.00 -5.00
-56.00 127.00 -30.00 -55.00 -29.00 -17.00 -20.00 -10.00
-22.00 33.00 -26.00 27.00 22.00 11.00 6.00 20.00
82.00 127.00 24.00 17.00 -74.00 -1.00 19.00 66.00
-13.00 15.00 96.00 -24.00 85.00 1.00 -10.00 -16.00
1.00 57.00 16.00 32.00 127.00 18.00 -6.00 12.00
-9.00 -60.00 -84.00 -5.00 27.00 -8.00 5.00 6.00
55.00 123.00 81.00 50.00 -89.00 -9.00 1.00 33.00
44.00 -45.00 27.00 -28.00 -4.00 12.00 0.00 -31.00
19.00 127.00 111.00 40.00 -6.00 20.00 21.00 14.00
-5.00 127.00 73.00 41.00 116.00 22.00 13.00 -13.00
-41.00 -44.00 -65.00 12.00 -36.00 -20.00 -23.00 -37.00
-5.00 -74.00 -76.00 -107.00 34.00 -8.00 -27.00 -128.00
7.00 85.00 41.00 29.00 -29.00 -19.00 -8.00 15.00
29.00 -29.00 -40.00 31.00 7.00 -2.00 -11.00 40.00
27.00 8.00 -44.00 32.00 13.00 5.00 4.00 44.00
-39.00 -12.00 -26.00 65.00 6.00 2.00 12.00 -12.00
2.00 -10.00 -8.00 -42.00 -1.00 -1.00 -9.00 5.00
0.00 8.00 7.00 0.00 -1.00 7.00 9.00 12.00
29.00 12.00 16.00 49.00 21.00 6.00 3.00 -1.00
11.00 7.00 12.00 84.00 11.00 3.00 13.00 2.00
-2.00 -4.00 -12.00 1.00 -8.00 -5.00 -4.00 -3.00
4.00 4.00 9.00 4.00 15.00 6.00 -2.00 -3.00
0.00 -9.00 -6.00 -2.00 -14.00 -5.00 -2.00 -6.00
-1.00 -2.00 -2.00 10.00 0.00 0.00 2.00 0.00
-3.00 -3.00 -7.00 -7.00 3.00 5.00 3.00 0.00
