0.00 -2.00 -5.00 1.00 1.00 -2.00 -8.00 -3.00
-4.00 8.00 6.00 12.00 -7.00 -3.00 -5.00 -10.00
-9.00 -104.00 -15.00 20.00 -54.00 -13.00 -5.00 -44.00
-49.00 -128.00 -119.00 -32.00 -38.00 -11.00 11.00 75.00
-81.00 -39.00 105.00 4.00 -33.00 -30.00 -12.00 -64.00
52.00 -43.00 16.00 -28.00 18.00 37.00 33.00 -53.00
8.00 67.00 -58.00 -102.00 -44.00 5.00 30.00 36.00
-70.00 -128.00 62.00 60.00 56.00 -15.00 13.00 53.00
7.00 127.00 38.00 22.00 36.00 18.00 -58.00 -28.00
-10.00 114.00 120.00 -46.00 -23.00 0.00 37.00 16.00
26.00 -26.00 21.00 84.00 1.00 -19.00 -18.00 -94.00
2.00 -98.00 1.00 -38.00 -2.00 11.00 22.00 -43.00
-58.00 -96.00 -31.00 19.00 -55.00 -34.00 -39.00 -10.00
50.00 124.00 13.00 -4.00 125.00 10.00 54.00 80.00
-18.00 -128.00 13.00 112.00 -13.00 14.00 63.00 57.00
0.00 49.00 16.00 35.00 -23.00 -19.00 50.00 84.00
28.00 -23.00 -41.00 -63.00 76.00 12.00 8.00 43.00
-6.00 83.00 28.00 -1.00 -36.00 -21.00 1.00 34.00
4.00 -128.00 45.00 94.00 -61.00 -7.00 -38.00 -50.00
25.00 88.00 36.00 126.00 76.00 18.00 -24.00 1.00
14.00 60.00 18.00 12.00 -25.00 -5.00 16.00 4.00
-46.00 -8.00 -5.00 -19.00 14.00 -5.00 -33.00 10.00
19.00 0.00 -15.00 -64.00 -24.00 -9.00 3.00 -3.00
5.00 -3.00 0.00 79.00 -11.00 -10.00 2.00 0.00
-4.00 -2.00 9.00 -26.00 -13.00 -5.00 -10.00 -6.00
-4.00 0.00 0.00 -33.00 -20.00 -3.00 47.00 21.00
2.00 -3.00 -6.00 -21.00 4.00 2.00 -2.00 -5.00
2.00 0.00 -4.00 -25.00 9.00 7.00 -15.00 -11.00
0.00 -1.00 3.00 -9.00 -10.00 -1.00 3.00 0.00
-2.00 -1.00 -4.00 -26.00 2.00 7.00 -1.00 -5.00
-4.00 -9.00 -17.00 -10.00 -15.00 -7.00 6.00 -4.00
