0.00 -2.00 -6.00 -10.00 -5.00 -3.00 -10.00 7.00
1.00 1.00 3.00 -4.00 -1.00 -1.00 -5.00 7.00
-3.00 -3.00 -9.00 -6.00 14.00 11.00 3.00 -3.00
15.00 -49.00 53.00 26.00 -92.00 -15.00 -2.00 71.00
-29.00 -18.00 -34.00 26.00 -4.00 -31.00 -4.00 -71.00
49.00 -31.00 -2.00 -6.00 127.00 37.00 30.00 8.00
-25.00 18.00 9.00 -3.00 -72.00 -11.00 5.00 74.00
-13.00 -37.00 23.00 -29.00 6.00 10.00 -91.00 -46.00
-8.00 -35.00 10.00 -39.00 30.00 79.00 28.00 36.00
-49.00 -84.00 30.00 -8.00 94.00 6.00 -8.00 -74.00
15.00 28.00 -42.00 31.00 -65.00 15.00 6.00 88.00
57.00 40.00 -35.00 -37.00 -85.00 -22.00 -69.00 -43.00
-59.00 -31.00 -13.00 -5.00 94.00 86.00 -34.00 4.00
48.00 51.00 14.00 2.00 -126.00 -65.00 -33.00 18.00
-8.00 64.00 -83.00 -2.00 -36.00 -35.00 -71.00 -91.00
3.00 -78.00 21.00 8.00 -91.00 -25.00 24.00 100.00
15.00 -24.00 22.00 39.00 -42.00 -54.00 -35.00 -128.00
-12.00 -1.00 5.00 -15.00 -98.00 -29.00 -3.00 -13.00
-17.00 -50.00 -37.00 4.00 35.00 -1.00 12.00 0.00
-75.00 42.00 19.00 -18.00 -19.00 13.00 -8.00 62.00
-69.00 -86.00 -22.00 0.00 -15.00 -14.00 -30.00 24.00
28.00 80.00 -24.00 25.00 -88.00 -52.00 -32.00 -62.00
10.00 51.00 19.00 -28.00 105.00 75.00 58.00 102.00
16.00 -71.00 -85.00 -36.00 3.00 5.00 -14.00 -53.00
-31.00 -18.00 -12.00 0.00 -26.00 -8.00 12.00 -110.00
-34.00 32.00 -19.00 -38.00 -53.00 12.00 -7.00 74.00
10.00 64.00 -1.00 6.00 -5.00 32.00 46.00 -32.00
-49.00 -70.00 -68.00 23.00 92.00 -26.00 -32.00 -23.00
-8.00 62.00 30.00 -11.00 -34.00 -27.00 25.00 33.00
21.00 14.00 -25.00 -17.00 -27.00 -9.00 46.00 10.00
19.00 6.00 25.00 29.00 43.00 2.00 -22.00 7.00
5.00 -4.00 61.00 23.00 22.00 20.00 41.00 62.00
7.00 20.00 13.00 -4.00 12.00 -1.00 19.00 89.00
16.00 -2.00 -16.00 -12.00 13.00 6.00 -20.00 -80.00
24.00 4.00 52.00 11.00 13.00 2.00 -20.00 -6.00
-8.00 -15.00 -64.00 2.00 -14.00 -11.00 -8.00 -1.00
-7.00 -2.00 3.00 19.00 -4.00 8.00 67.00 18.00
-2.00 -7.00 -30.00 -9.00 -9.00 -15.00 -35.00 -8.00
-2.00 -2.00 -1.00 -1.00 -6.00 -4.00 43.00 -18.00
-1.00 3.00 20.00 44.00 3.00 15.00 7.00 -2.00
-3.00 -9.00 -39.00 -7.00 -1.00 0.00 -11.00 -3.00
-1.00 3.00 7.00 -5.00 -9.00 -11.00 -4.00 9.00
0.00 5.00 -1.00 -9.00 7.00 14.00 32.00 4.00
-2.00 3.00 33.00 2.00 4.00 0.00 -1.00 16.00
4.00 4.00 10.00 1.00 4.00 1.00 -13.00 4.00
-3.00 3.00 13.00 -15.00 3.00 2.00 -20.00 -5.00
1.00 2.00 -8.00 13.00 4.00 2.00 -20.00 -18.00
0.00 -4.00 -12.00 18.00 -4.00 -7.00 7.00 3.00
-3.00 -1.00 20.00 1.00 -2.00 2.00 15.00 4.00
2.00 -3.00 7.00 10.00 1.00 1.00 9.00 2.00
2.00 0.00 12.00 19.00 12.00 -7.00 -6.00 0.00
