0.00 0.00 0.00 0.00 0.00 -1.00 -2.00 0.00
3.00 2.00 4.00 1.00 1.00 2.00 0.00 0.00
0.00 3.00 -1.00 0.00 -1.00 -2.00 0.00 -1.00
1.00 7.00 1.00 -1.00 -2.00 -2.00 -1.00 0.00
-1.00 3.00 -1.00 -4.00 -2.00 -2.00 -1.00 0.00
-2.00 -11.00 -10.00 -4.00 -1.00 -1.00 1.00 0.00
-2.00 5.00 1.00 1.00 3.00 0.00 -1.00 -1.00
3.00 14.00 -2.00 -9.00 -6.00 1.00 -2.00 0.00
17.00 20.00 14.00 3.00 34.00 0.00 5.00 26.00
5.00 30.00 14.00 5.00 23.00 5.00 10.00 59.00
-6.00 -73.00 -29.00 -8.00 23.00 -3.00 -6.00 -4.00
9.00 40.00 0.00 5.00 -29.00 -1.00 1.00 -14.00
3.00 76.00 -71.00 1.00 40.00 6.00 6.00 17.00
-7.00 -35.00 35.00 6.00 -25.00 1.00 1.00 -9.00
-7.00 1.00 -56.00 1.00 19.00 1.00 -2.00 -1.00
-4.00 -30.00 -21.00 3.00 -3.00 -5.00 -1.00 5.00
15.00 34.00 68.00 12.00 7.00 2.00 5.00 12.00
0.00 32.00 21.00 3.00 7.00 0.00 0.00 -6.00
-6.00 3.00 -2.00 1.00 -2.00 -4.00 -3.00 -4.00
-3.00 0.00 1.00 8.00 -2.00 0.00 3.00 -10.00
0.00 -1.00 1.00 3.00 4.00 -2.00 -2.00 0.00
0.00 -1.00 -5.00 -8.00 0.00 0.00 2.00 -1.00
-1.00 -2.00 1.00 -1.00 0.00 -1.00 2.00 2.00
-1.00 1.00 2.00 5.00 4.00 -1.00 1.00 1.00
-1.00 10.00 1.00 1.00 -1.00 -2.00 3.00 1.00
-3.00 -2.00 1.00 -3.00 -1.00 0.00 1.00 -1.00
