0.00 2.00 0.00 2.00 -6.00 -1.00 1.00 1.00
-2.00 14.00 6.00 1.00 -1.00 -1.00 -7.00 -19.00
-1.00 1.00 -1.00 3.00 5.00 13.00 3.00 5.00
0.00 -1.00 -2.00 0.00 16.00 6.00 -3.00 6.00
2.00 12.00 1.00 -1.00 -25.00 -4.00 -2.00 15.00
-2.00 -17.00 -6.00 -3.00 11.00 8.00 -1.00 -46.00
-4.00 2.00 1.00 -10.00 -52.00 2.00 -10.00 -84.00
2.00 28.00 -3.00 6.00 -30.00 -8.00 -1.00 15.00
-8.00 -34.00 -36.00 -7.00 -53.00 -17.00 22.00 67.00
-25.00 27.00 8.00 7.00 -36.00 -15.00 -14.00 69.00
-41.00 70.00 9.00 -21.00 -23.00 -20.00 1.00 43.00
-35.00 -21.00 42.00 -10.00 93.00 26.00 73.00 -1.00
2.00 -1.00 1.00 -31.00 106.00 38.00 3.00 -79.00
127.00 68.00 1.00 7.00 -128.00 -43.00 -28.00 81.00
-15.00 -38.00 -36.00 23.00 -128.00 -98.00 -29.00 -1.00
3.00 28.00 -43.00 3.00 127.00 68.00 -48.00 -95.00
-110.00 -93.00 52.00 -4.00 -12.00 3.00 -13.00 -125.00
18.00 107.00 -7.00 -11.00 -56.00 -44.00 36.00 -21.00
23.00 -19.00 14.00 40.00 24.00 -31.00 -17.00 -32.00
65.00 64.00 -25.00 -15.00 -54.00 -17.00 -84.00 -128.00
-35.00 8.00 -34.00 6.00 -77.00 -23.00 -3.00 92.00
-15.00 22.00 101.00 79.00 112.00 41.00 76.00 -14.00
-6.00 -91.00 -44.00 -38.00 -57.00 17.00 27.00 7.00
104.00 101.00 -36.00 -4.00 63.00 -10.00 -46.00 -63.00
30.00 13.00 -53.00 0.00 90.00 8.00 -80.00 -57.00
-47.00 -21.00 57.00 -30.00 -57.00 1.00 15.00 86.00
-27.00 4.00 1.00 -21.00 111.00 -2.00 -4.00 -9.00
52.00 74.00 -26.00 19.00 31.00 35.00 -38.00 -100.00
-49.00 -49.00 -56.00 7.00 -55.00 -28.00 -61.00 91.00
19.00 34.00 70.00 28.00 -110.00 -49.00 6.00 -58.00
-20.00 -18.00 26.00 26.00 35.00 18.00 30.00 57.00
-12.00 -6.00 -19.00 -21.00 -40.00 -22.00 -25.00 30.00
-6.00 -14.00 -21.00 -18.00 -17.00 -5.00 75.00 -26.00
12.00 -1.00 99.00 98.00 8.00 1.00 -44.00 -18.00
-15.00 5.00 28.00 -19.00 -1.00 2.00 -12.00 -11.00
-1.00 -3.00 -2.00 -14.00 4.00 0.00 6.00 0.00
0.00 -1.00 -2.00 2.00 0.00 2.00 1.00 -6.00
-1.00 -2.00 23.00 -30.00 4.00 4.00 15.00 21.00
1.00 1.00 -1.00 -12.00 -4.00 4.00 37.00 -12.00
3.00 1.00 -3.00 -21.00 -4.00 4.00 -15.00 0.00
-2.00 0.00 -1.00 40.00 2.00 -1.00 0.00 6.00
-1.00 -2.00 -10.00 -40.00 -5.00 1.00 -8.00 -6.00
4.00 4.00 1.00 41.00 5.00 0.00 9.00 3.00
0.00 -3.00 -1.00 -10.00 -6.00 -2.00 -3.00 4.00
0.00 2.00 -1.00 52.00 5.00 2.00 -4.00 -1.00
0.00 -1.00 -2.00 -8.00 3.00 0.00 -1.00 4.00
