1.00 -1.00 0.00 -1.00 3.00 5.00 0.00 0.00
-1.00 0.00 0.00 3.00 -2.00 1.00 1.00 0.00
-1.00 -2.00 -2.00 -6.00 3.00 -1.00 0.00 0.00
-1.00 -4.00 -5.00 -1.00 3.00 -1.00 -3.00 -2.00
0.00 0.00 -1.00 -2.00 -2.00 0.00 -1.00 2.00
-1.00 -2.00 -3.00 -1.00 -3.00 -2.00 -2.00 -3.00
-1.00 -1.00 0.00 -2.00 -4.00 0.00 1.00 1.00
-1.00 -3.00 -4.00 5.00 -8.00 -4.00 0.00 -1.00
-1.00 -2.00 2.00 -3.00 2.00 -1.00 0.00 0.00
2.00 1.00 -1.00 6.00 -6.00 -2.00 -1.00 0.00
-2.00 -5.00 -8.00 18.00 -8.00 -5.00 -5.00 -6.00
-3.00 -1.00 1.00 8.00 6.00 3.00 0.00 0.00
0.00 1.00 2.00 -52.00 4.00 -1.00 1.00 2.00
0.00 -3.00 0.00 -21.00 1.00 0.00 -1.00 -1.00
1.00 0.00 -2.00 -39.00 -4.00 0.00 1.00 -2.00
-6.00 -5.00 -9.00 33.00 -23.00 -9.00 -5.00 -4.00
-2.00 0.00 -2.00 -72.00 -24.00 -4.00 -3.00 -1.00
19.00 8.00 10.00 45.00 8.00 5.00 4.00 1.00
18.00 -8.00 0.00 54.00 10.00 -7.00 -4.00 -4.00
-15.00 -7.00 0.00 -10.00 0.00 4.00 -1.00 -2.00
6.00 3.00 6.00 -9.00 -2.00 3.00 1.00 4.00
-33.00 -18.00 -7.00 -49.00 -12.00 0.00 0.00 -3.00
-1.00 0.00 -3.00 23.00 -32.00 1.00 -1.00 2.00
-25.00 -4.00 -4.00 -47.00 6.00 4.00 2.00 2.00
-15.00 -5.00 1.00 46.00 -52.00 -8.00 -2.00 0.00
14.00 2.00 4.00 14.00 5.00 5.00 3.00 1.00
1.00 7.00 4.00 35.00 19.00 0.00 -1.00 0.00
-22.00 -7.00 3.00 3.00 39.00 3.00 1.00 1.00
-17.00 -8.00 -6.00 -49.00 -8.00 1.00 0.00 1.00
5.00 3.00 -1.00 -17.00 -27.00 -1.00 1.00 0.00
3.00 4.00 -1.00 -46.00 -12.00 4.00 1.00 0.00
-1.00 -1.00 -1.00 6.00 2.00 -1.00 -1.00 5.00
-11.00 1.00 -2.00 -50.00 -2.00 -2.00 -1.00 -1.00
-7.00 -7.00 3.00 38.00 19.00 1.00 0.00 -4.00
9.00 3.00 7.00 -16.00 11.00 4.00 1.00 0.00
0.00 -1.00 -6.00 -45.00 5.00 -2.00 -1.00 -3.00
-4.00 -4.00 -2.00 31.00 23.00 -8.00 -4.00 -2.00
-1.00 0.00 -2.00 12.00 16.00 -4.00 -5.00 0.00
0.00 0.00 3.00 -10.00 -15.00 0.00 2.00 -1.00
1.00 -5.00 0.00 7.00 15.00 9.00 -1.00 -1.00
-3.00 -16.00 0.00 -1.00 -17.00 -2.00 0.00 0.00
1.00 3.00 5.00 0.00 5.00 3.00 -2.00 0.00
1.00 2.00 3.00 4.00 6.00 2.00 0.00 0.00
1.00 1.00 1.00 12.00 0.00 0.00 -2.00 -2.00
0.00 0.00 7.00 5.00 9.00 2.00 1.00 1.00
-2.00 0.00 2.00 17.00 1.00 -1.00 -4.00 -1.00
1.00 1.00 1.00 0.00 -7.00 -6.00 -2.00 1.00
-1.00 -4.00 0.00 2.00 -5.00 0.00 -1.00 0.00
-1.00 0.00 0.00 25.00 -1.00 4.00 0.00 -1.00
-1.00 3.00 1.00 -6.00 -22.00 -3.00 0.00 1.00
-1.00 -1.00 0.00 -9.00 -9.00 -4.00 -4.00 -1.00
0.00 1.00 -5.00 9.00 2.00 -1.00 -1.00 2.00
2.00 1.00 4.00 9.00 -15.00 3.00 3.00 0.00
0.00 -1.00 -3.00 11.00 -1.00 -1.00 1.00 -1.00
-2.00 0.00 1.00 7.00 -5.00 -3.00 1.00 -2.00
-2.00 3.00 1.00 3.00 2.00 0.00 -1.00 0.00
-1.00 1.00 -3.00 13.00 -10.00 1.00 -1.00 -1.00
-1.00 2.00 -2.00 -8.00 -9.00 2.00 0.00 -1.00
-1.00 -1.00 -1.00 -20.00 -8.00 -2.00 0.00 0.00
-2.00 -1.00 4.00 41.00 7.00 2.00 -1.00 0.00
1.00 0.00 -2.00 3.00 -7.00 -3.00 1.00 0.00
-2.00 0.00 2.00 -12.00 -4.00 -1.00 4.00 0.00
-2.00 0.00 -1.00 -8.00 8.00 -3.00 -4.00 -1.00
-2.00 0.00 2.00 18.00 -16.00 -6.00 -1.00 -1.00
-1.00 1.00 0.00 -6.00 10.00 1.00 2.00 1.00
-2.00 -1.00 -1.00 -11.00 2.00 0.00 -1.00 1.00
-1.00 -2.00 -1.00 5.00 -2.00 -5.00 1.00 -1.00
1.00 0.00 -2.00 -7.00 -2.00 -1.00 0.00 -3.00
-1.00 -2.00 3.00 18.00 1.00 -1.00 1.00 -2.00
-1.00 -2.00 0.00 0.00 -8.00 -3.00 -2.00 0.00
0.00 2.00 1.00 -3.00 -9.00 0.00 0.00 -1.00
-3.00 -3.00 0.00 2.00 2.00 -1.00 -3.00 -2.00
0.00 -3.00 -1.00 1.00 -9.00 0.00 1.00 -1.00
0.00 -2.00 -2.00 -10.00 -2.00 -4.00 -2.00 0.00
0.00 -1.00 -3.00 -1.00 -7.00 0.00 0.00 -1.00
-1.00 -2.00 0.00 6.00 -8.00 -4.00 -3.00 -1.00
-1.00 -2.00 1.00 -7.00 3.00 -2.00 -4.00 -1.00
-1.00 -3.00 -2.00 5.00 3.00 -3.00 -2.00 0.00
-1.00 0.00 -1.00 0.00 3.00 4.00 1.00 1.00
0.00 1.00 0.00 -3.00 1.00 -1.00 6.00 -2.00
0.00 1.00 -2.00 3.00 6.00 -2.00 -2.00 0.00
