-1.00 -2.00 -1.00 -3.00 5.00 1.00 -1.00 -1.00
-1.00 -1.00 -3.00 4.00 3.00 -4.00 -3.00 -1.00
1.00 0.00 -1.00 0.00 5.00 1.00 1.00 2.00
-2.00 0.00 -2.00 -4.00 0.00 1.00 1.00 0.00
-2.00 -3.00 -2.00 -7.00 -8.00 -5.00 -2.00 -2.00
0.00 0.00 1.00 10.00 -9.00 -3.00 -2.00 0.00
0.00 -1.00 1.00 -6.00 -1.00 -6.00 -6.00 2.00
-2.00 -4.00 -2.00 4.00 -2.00 0.00 0.00 -1.00
-1.00 -2.00 -4.00 8.00 -4.00 0.00 -1.00 -1.00
-1.00 -1.00 4.00 5.00 -4.00 -2.00 0.00 -1.00
-1.00 0.00 -2.00 -7.00 -3.00 1.00 0.00 0.00
-5.00 2.00 3.00 32.00 11.00 1.00 0.00 1.00
-25.00 -11.00 -2.00 -32.00 9.00 4.00 6.00 5.00
32.00 -3.00 -7.00 -27.00 -15.00 -12.00 -7.00 -5.00
-32.00 -1.00 -6.00 2.00 9.00 -2.00 -2.00 -3.00
6.00 -2.00 1.00 5.00 14.00 -3.00 -1.00 -1.00
11.00 5.00 -4.00 -19.00 -3.00 5.00 1.00 4.00
-5.00 8.00 1.00 8.00 -1.00 2.00 -1.00 -4.00
11.00 1.00 -2.00 -53.00 9.00 6.00 0.00 1.00
0.00 -10.00 -1.00 -33.00 -40.00 1.00 -1.00 -5.00
-84.00 -25.00 -26.00 -41.00 -38.00 -11.00 -2.00 -8.00
14.00 16.00 6.00 35.00 15.00 11.00 4.00 6.00
74.00 7.00 13.00 13.00 -16.00 12.00 5.00 7.00
34.00 5.00 -4.00 39.00 18.00 -5.00 -4.00 -2.00
-13.00 -2.00 -2.00 -46.00 0.00 3.00 3.00 -2.00
16.00 -10.00 12.00 43.00 13.00 -1.00 -1.00 2.00
4.00 -1.00 4.00 -83.00 -58.00 4.00 2.00 3.00
-11.00 1.00 4.00 82.00 11.00 -16.00 -13.00 -9.00
47.00 -2.00 -16.00 55.00 36.00 -7.00 -4.00 -1.00
-6.00 -1.00 -5.00 1.00 7.00 1.00 1.00 3.00
-9.00 0.00 3.00 -27.00 -42.00 1.00 0.00 0.00
-4.00 -1.00 1.00 3.00 2.00 -4.00 -1.00 0.00
-5.00 -2.00 0.00 -8.00 -32.00 6.00 0.00 -1.00
-2.00 -4.00 -5.00 -9.00 -11.00 -4.00 0.00 -1.00
-3.00 -1.00 -1.00 -1.00 2.00 0.00 -1.00 1.00
-3.00 -2.00 -4.00 1.00 -12.00 -6.00 -1.00 0.00
0.00 0.00 2.00 0.00 15.00 0.00 2.00 0.00
1.00 0.00 1.00 8.00 -3.00 -1.00 0.00 2.00
-1.00 -1.00 -2.00 -18.00 19.00 4.00 0.00 -1.00
-2.00 0.00 0.00 1.00 -2.00 -3.00 -6.00 -1.00
-2.00 -2.00 -1.00 -1.00 4.00 0.00 0.00 0.00
-1.00 -2.00 -5.00 18.00 -7.00 3.00 1.00 0.00
-1.00 -1.00 -3.00 -3.00 4.00 1.00 -2.00 0.00
-1.00 -1.00 2.00 -2.00 -3.00 1.00 2.00 0.00
-2.00 -1.00 2.00 4.00 12.00 -6.00 -1.00 -2.00
0.00 -1.00 -4.00 1.00 -3.00 1.00 -4.00 0.00
-1.00 -1.00 -2.00 -1.00 -2.00 2.00 -2.00 -1.00
1.00 0.00 -3.00 7.00 -7.00 0.00 0.00 1.00
-1.00 0.00 -4.00 -46.00 -15.00 -4.00 -2.00 0.00
1.00 0.00 0.00 5.00 2.00 2.00 -1.00 2.00
-2.00 -3.00 -7.00 2.00 3.00 2.00 2.00 -1.00
