0.00 -1.00 -1.00 -1.00 -17.00 -2.00 2.00 0.00
-1.00 -1.00 -1.00 -4.00 4.00 -1.00 2.00 0.00
53.00 -1.00 21.00 67.00 -9.00 -5.00 -5.00 1.00
83.00 -18.00 -30.00 -67.00 -2.00 -3.00 -11.00 41.00
12.00 3.00 -36.00 -12.00 46.00 -12.00 -8.00 24.00
6.00 -4.00 -22.00 37.00 -64.00 -34.00 -5.00 -59.00
56.00 7.00 -5.00 -2.00 -105.00 5.00 27.00 28.00
2.00 13.00 82.00 54.00 55.00 12.00 -2.00 9.00
-119.00 6.00 -10.00 46.00 0.00 -21.00 -17.00 -51.00
0.00 -1.00 -68.00 -46.00 34.00 -19.00 2.00 71.00
-50.00 22.00 -19.00 -66.00 35.00 7.00 13.00 -57.00
-82.00 -30.00 21.00 94.00 3.00 -24.00 -9.00 24.00
-18.00 11.00 20.00 -67.00 -54.00 -32.00 -26.00 -57.00
32.00 25.00 -23.00 30.00 -24.00 -1.00 -12.00 -37.00
71.00 -52.00 -61.00 -3.00 -4.00 -34.00 -18.00 -87.00
-59.00 -44.00 40.00 58.00 52.00 31.00 6.00 -15.00
-87.00 -47.00 -38.00 68.00 64.00 -4.00 -15.00 -96.00
-16.00 0.00 -3.00 -19.00 -12.00 3.00 9.00 -13.00
5.00 -38.00 24.00 -15.00 -26.00 7.00 -5.00 5.00
0.00 4.00 -2.00 10.00 28.00 8.00 4.00 -4.00
0.00 1.00 1.00 -3.00 3.00 1.00 2.00 2.00
0.00 -2.00 0.00 4.00 10.00 4.00 0.00 -2.00
-2.00 0.00 3.00 31.00 -20.00 -7.00 -1.00 1.00
1.00 0.00 -3.00 -8.00 -6.00 0.00 -2.00 -2.00
-1.00 1.00 -1.00 -22.00 -4.00 -1.00 0.00 -1.00
-2.00 -2.00 -2.00 -22.00 -11.00 -5.00 -1.00 -2.00
