-2.00 2.00 1.00 -4.00 4.00 0.00 -3.00 -1.00
14.00 3.00 1.00 9.00 10.00 0.00 1.00 -1.00
5.00 -2.00 -4.00 -15.00 -1.00 -2.00 -5.00 -3.00
0.00 0.00 4.00 -1.00 5.00 5.00 -4.00 0.00
-2.00 -4.00 -6.00 -10.00 -11.00 -1.00 4.00 1.00
18.00 6.00 1.00 19.00 15.00 -1.00 0.00 -1.00
3.00 -2.00 5.00 40.00 -7.00 -5.00 -2.00 -3.00
-3.00 -5.00 3.00 1.00 26.00 -1.00 -2.00 1.00
24.00 -11.00 0.00 -10.00 -10.00 4.00 3.00 1.00
4.00 -2.00 -7.00 16.00 4.00 -7.00 -5.00 -1.00
-8.00 2.00 0.00 -14.00 41.00 10.00 7.00 3.00
10.00 -6.00 -4.00 -24.00 -10.00 -1.00 1.00 1.00
-4.00 1.00 1.00 -92.00 -51.00 2.00 2.00 -3.00
-12.00 0.00 -6.00 -43.00 2.00 3.00 1.00 5.00
-36.00 -7.00 7.00 -48.00 18.00 -2.00 0.00 -1.00
-80.00 -10.00 -2.00 10.00 60.00 2.00 -2.00 -17.00
-11.00 -5.00 3.00 46.00 10.00 5.00 2.00 3.00
0.00 5.00 -8.00 85.00 14.00 0.00 0.00 2.00
-21.00 -14.00 -8.00 21.00 62.00 -9.00 -7.00 -2.00
52.00 8.00 8.00 -26.00 -8.00 -1.00 2.00 3.00
-2.00 -1.00 -5.00 -16.00 -26.00 4.00 2.00 4.00
6.00 1.00 4.00 21.00 25.00 -2.00 -3.00 3.00
-38.00 2.00 5.00 23.00 -2.00 -10.00 -8.00 -5.00
-9.00 -11.00 -8.00 25.00 -7.00 -10.00 -6.00 -7.00
-3.00 2.00 2.00 7.00 -7.00 3.00 3.00 3.00
1.00 2.00 0.00 -7.00 13.00 0.00 -1.00 -3.00
-2.00 1.00 3.00 -1.00 -21.00 5.00 4.00 3.00
2.00 -4.00 10.00 4.00 -61.00 -14.00 -4.00 0.00
-1.00 8.00 8.00 8.00 42.00 13.00 1.00 -2.00
-1.00 -4.00 -3.00 1.00 -9.00 -1.00 -3.00 -2.00
-2.00 -3.00 1.00 -1.00 2.00 0.00 0.00 -1.00
-1.00 -2.00 1.00 11.00 -7.00 -1.00 0.00 0.00
-2.00 0.00 0.00 12.00 1.00 -2.00 -1.00 -2.00
0.00 -3.00 -4.00 -1.00 20.00 0.00 2.00 0.00
0.00 1.00 -2.00 1.00 3.00 4.00 2.00 -1.00
0.00 0.00 1.00 5.00 20.00 9.00 3.00 0.00
-1.00 -1.00 -1.00 -42.00 14.00 -1.00 -3.00 0.00
-1.00 5.00 -3.00 -3.00 -7.00 0.00 -2.00 1.00
-2.00 -5.00 -10.00 5.00 -17.00 -8.00 -4.00 -5.00
0.00 -2.00 1.00 6.00 -2.00 -5.00 -1.00 0.00
-3.00 -1.00 -2.00 5.00 -5.00 -1.00 -1.00 1.00
-1.00 -3.00 0.00 -4.00 -9.00 0.00 -1.00 -1.00
-2.00 -1.00 -1.00 1.00 6.00 2.00 0.00 0.00
-1.00 0.00 0.00 -1.00 10.00 -2.00 1.00 0.00
0.00 1.00 -3.00 -2.00 3.00 -1.00 -2.00 -1.00
0.00 0.00 -1.00 -9.00 -5.00 3.00 0.00 0.00
-2.00 -1.00 -1.00 -10.00 -16.00 -4.00 1.00 0.00
0.00 0.00 2.00 1.00 8.00 0.00 -3.00 -1.00
-1.00 -1.00 -4.00 -39.00 -5.00 0.00 -1.00 0.00
-2.00 -2.00 -3.00 15.00 -6.00 -4.00 -3.00 0.00
1.00 1.00 -1.00 5.00 -1.00 2.00 0.00 1.00
