-1.00 -3.00 0.00 14.00 5.00 -3.00 0.00 -3.00
-5.00 -4.00 0.00 14.00 -1.00 3.00 0.00 2.00
-2.00 0.00 -7.00 -9.00 -10.00 -3.00 0.00 -1.00
-1.00 0.00 -1.00 19.00 8.00 1.00 -2.00 1.00
-6.00 -2.00 -2.00 -6.00 4.00 -1.00 -1.00 -2.00
0.00 3.00 1.00 -35.00 3.00 1.00 1.00 3.00
-15.00 -2.00 -3.00 -63.00 1.00 -3.00 -2.00 1.00
11.00 5.00 -3.00 88.00 -18.00 -5.00 -4.00 -3.00
-13.00 3.00 -7.00 -106.00 11.00 -2.00 -2.00 -15.00
32.00 0.00 -3.00 -23.00 -30.00 0.00 -3.00 -26.00
90.00 1.00 3.00 4.00 -6.00 0.00 0.00 12.00
47.00 5.00 3.00 -64.00 31.00 -10.00 -3.00 4.00
-66.00 -9.00 -10.00 -2.00 -11.00 -5.00 -3.00 -4.00
83.00 17.00 -6.00 31.00 8.00 0.00 -1.00 8.00
46.00 -7.00 -2.00 47.00 9.00 -9.00 -6.00 -1.00
-34.00 -22.00 8.00 70.00 -10.00 -2.00 0.00 -5.00
30.00 6.00 -2.00 -2.00 32.00 8.00 6.00 4.00
-14.00 1.00 3.00 3.00 24.00 6.00 0.00 -5.00
6.00 2.00 -2.00 -63.00 -7.00 -3.00 -3.00 -1.00
-3.00 -1.00 -3.00 -23.00 7.00 -16.00 -7.00 -4.00
-4.00 -3.00 -9.00 -8.00 -5.00 -8.00 -3.00 -4.00
-2.00 -1.00 6.00 -8.00 -25.00 5.00 1.00 0.00
-1.00 -2.00 2.00 -1.00 14.00 0.00 -1.00 -2.00
-2.00 -2.00 -4.00 -1.00 7.00 0.00 -1.00 -1.00
1.00 1.00 -2.00 -3.00 9.00 6.00 1.00 -1.00
-1.00 1.00 3.00 3.00 -3.00 5.00 -1.00 -1.00
-1.00 0.00 -2.00 -13.00 -3.00 -1.00 2.00 -1.00
0.00 -1.00 1.00 21.00 -11.00 -1.00 -1.00 -3.00
0.00 -3.00 -2.00 13.00 6.00 -2.00 0.00 1.00
0.00 -2.00 -1.00 -4.00 1.00 1.00 -4.00 -1.00
-1.00 1.00 2.00 16.00 7.00 0.00 2.00 -2.00
