-1.00 0.00 -1.00 -4.00 16.00 1.00 0.00 1.00
-1.00 -1.00 1.00 0.00 -6.00 -3.00 -1.00 1.00
-1.00 -4.00 -3.00 -2.00 4.00 8.00 1.00 1.00
7.00 2.00 1.00 -7.00 -44.00 -1.00 4.00 4.00
-7.00 -6.00 10.00 56.00 10.00 1.00 0.00 4.00
41.00 -1.00 -96.00 -47.00 10.00 18.00 2.00 4.00
34.00 24.00 28.00 9.00 68.00 32.00 11.00 24.00
-55.00 -38.00 58.00 113.00 73.00 22.00 -1.00 35.00
100.00 -18.00 22.00 32.00 15.00 10.00 2.00 -26.00
36.00 -6.00 42.00 -73.00 -83.00 -7.00 13.00 41.00
61.00 -15.00 -46.00 15.00 -10.00 -5.00 17.00 -39.00
-13.00 8.00 21.00 25.00 127.00 -13.00 3.00 -30.00
57.00 -14.00 -13.00 -41.00 67.00 20.00 32.00 68.00
28.00 -8.00 56.00 -36.00 63.00 16.00 6.00 25.00
-54.00 -19.00 15.00 65.00 -8.00 25.00 -32.00 -98.00
127.00 -39.00 -1.00 33.00 -43.00 -56.00 -5.00 -80.00
127.00 23.00 -55.00 16.00 13.00 -22.00 23.00 -26.00
-61.00 -25.00 -35.00 127.00 112.00 41.00 -36.00 -44.00
1.00 4.00 11.00 -22.00 64.00 16.00 13.00 72.00
27.00 35.00 5.00 -24.00 -128.00 -45.00 26.00 -20.00
36.00 -3.00 59.00 127.00 127.00 37.00 -7.00 61.00
-46.00 -17.00 -20.00 58.00 71.00 36.00 -13.00 107.00
-29.00 -3.00 -10.00 -5.00 0.00 -52.00 -21.00 -21.00
-17.00 -125.00 -1.00 -4.00 17.00 -12.00 -2.00 -11.00
-8.00 -29.00 -1.00 -113.00 12.00 -4.00 -6.00 -5.00
-4.00 -13.00 -1.00 72.00 20.00 0.00 -2.00 -3.00
-1.00 -11.00 -5.00 -46.00 -2.00 -5.00 1.00 -1.00
-1.00 1.00 0.00 2.00 16.00 5.00 3.00 0.00
0.00 -1.00 -2.00 -28.00 4.00 0.00 -1.00 -1.00
-2.00 0.00 3.00 2.00 -12.00 -4.00 -1.00 -2.00
0.00 3.00 2.00 11.00 8.00 0.00 0.00 -2.00
