-1.00 -1.00 1.00 7.00 6.00 -2.00 2.00 -1.00
0.00 -2.00 0.00 -2.00 3.00 3.00 1.00 0.00
1.00 -1.00 2.00 0.00 7.00 1.00 0.00 -1.00
-1.00 1.00 -1.00 2.00 10.00 4.00 2.00 -1.00
-2.00 -2.00 -1.00 15.00 -8.00 -6.00 -2.00 -2.00
-1.00 -1.00 1.00 7.00 0.00 0.00 -1.00 -2.00
60.00 12.00 -4.00 -104.00 -39.00 0.00 -1.00 0.00
-34.00 -5.00 40.00 120.00 25.00 6.00 14.00 99.00
37.00 32.00 -32.00 -60.00 -80.00 -10.00 -6.00 66.00
-110.00 7.00 -12.00 -33.00 3.00 -38.00 -18.00 -54.00
64.00 14.00 3.00 -26.00 127.00 36.00 27.00 14.00
-39.00 7.00 4.00 12.00 -57.00 13.00 22.00 -12.00
111.00 8.00 -68.00 62.00 13.00 15.00 12.00 33.00
-30.00 -1.00 -61.00 17.00 1.00 -11.00 -17.00 -43.00
58.00 31.00 40.00 -60.00 -36.00 21.00 8.00 28.00
63.00 -1.00 3.00 -87.00 117.00 26.00 12.00 -28.00
9.00 -1.00 52.00 55.00 4.00 -7.00 8.00 -5.00
2.00 16.00 32.00 49.00 68.00 3.00 0.00 68.00
40.00 19.00 5.00 -12.00 73.00 -2.00 6.00 78.00
-41.00 7.00 4.00 68.00 -54.00 12.00 7.00 -41.00
-8.00 2.00 1.00 -41.00 3.00 8.00 3.00 -16.00
-10.00 -2.00 -2.00 -23.00 -11.00 -5.00 -11.00 -13.00
-4.00 0.00 -1.00 -5.00 -27.00 8.00 8.00 -2.00
-2.00 -1.00 -2.00 -8.00 -25.00 -3.00 -4.00 -4.00
-2.00 0.00 -1.00 -7.00 -11.00 -6.00 -9.00 -3.00
-1.00 -4.00 -1.00 -5.00 1.00 1.00 -2.00 -1.00
