1.00 0.00 -1.00 1.00 -6.00 1.00 1.00 -1.00
-2.00 -2.00 0.00 6.00 4.00 -1.00 -2.00 0.00
-2.00 -1.00 -3.00 -3.00 6.00 2.00 1.00 1.00
-1.00 1.00 -2.00 1.00 -2.00 -2.00 -2.00 -2.00
1.00 -1.00 1.00 -2.00 -3.00 1.00 0.00 1.00
-1.00 1.00 -2.00 -1.00 1.00 0.00 0.00 -2.00
-1.00 0.00 -3.00 0.00 -6.00 -3.00 -3.00 -1.00
6.00 -1.00 -5.00 33.00 -9.00 -2.00 1.00 0.00
47.00 12.00 -8.00 -27.00 -7.00 -7.00 -2.00 -2.00
-3.00 6.00 5.00 24.00 17.00 9.00 3.00 -11.00
-22.00 -1.00 9.00 -60.00 52.00 17.00 13.00 14.00
-6.00 3.00 -2.00 -16.00 -24.00 1.00 1.00 5.00
22.00 -7.00 2.00 -41.00 29.00 -2.00 -3.00 0.00
0.00 -3.00 -1.00 104.00 45.00 0.00 2.00 2.00
0.00 -2.00 4.00 77.00 49.00 7.00 -1.00 -1.00
-10.00 -1.00 -8.00 5.00 38.00 5.00 3.00 2.00
-4.00 -3.00 -3.00 3.00 -7.00 -2.00 0.00 -1.00
-3.00 -2.00 -1.00 -5.00 -3.00 -16.00 -1.00 0.00
-1.00 1.00 0.00 -2.00 -3.00 2.00 4.00 2.00
-2.00 1.00 -3.00 -2.00 11.00 -2.00 -1.00 1.00
0.00 -3.00 -1.00 18.00 0.00 2.00 0.00 -1.00
-3.00 -1.00 -1.00 -10.00 -5.00 -1.00 -1.00 -1.00
-1.00 -3.00 -5.00 -12.00 -5.00 0.00 -2.00 -2.00
0.00 -2.00 -2.00 9.00 2.00 -1.00 0.00 0.00
1.00 0.00 1.00 20.00 7.00 6.00 2.00 0.00
-2.00 -1.00 -5.00 -9.00 0.00 -4.00 -2.00 -2.00
-1.00 0.00 0.00 2.00 2.00 -2.00 -1.00 -1.00
0.00 0.00 -1.00 -3.00 1.00 2.00 0.00 -1.00
-1.00 -1.00 -2.00 -5.00 -4.00 -4.00 -1.00 -1.00
-2.00 -3.00 3.00 9.00 5.00 0.00 0.00 0.00
-2.00 -3.00 0.00 1.00 -2.00 -3.00 -2.00 -1.00
