0.00 -1.00 -1.00 -3.00 -12.00 -4.00 -1.00 0.00
-1.00 0.00 -2.00 -2.00 5.00 3.00 1.00 -1.00
93.00 8.00 -27.00 -28.00 9.00 0.00 -2.00 6.00
1.00 -34.00 -14.00 81.00 0.00 -28.00 -13.00 -44.00
13.00 -40.00 -41.00 122.00 -14.00 -51.00 -33.00 52.00
-31.00 -4.00 -10.00 110.00 -2.00 -19.00 -17.00 36.00
-51.00 -10.00 43.00 40.00 71.00 22.00 0.00 -105.00
8.00 19.00 4.00 -128.00 -78.00 3.00 -9.00 -9.00
14.00 39.00 50.00 47.00 -22.00 -12.00 1.00 -6.00
-32.00 -27.00 -43.00 5.00 57.00 21.00 9.00 -51.00
-24.00 -31.00 -38.00 2.00 -22.00 23.00 22.00 -3.00
21.00 -10.00 -49.00 -128.00 57.00 38.00 18.00 -20.00
97.00 9.00 -45.00 -48.00 31.00 6.00 4.00 49.00
78.00 26.00 -8.00 -119.00 -56.00 -32.00 -4.00 24.00
29.00 -18.00 42.00 45.00 -27.00 -36.00 -6.00 5.00
-81.00 6.00 30.00 -117.00 -35.00 15.00 -12.00 41.00
0.00 -18.00 -44.00 -109.00 -3.00 10.00 6.00 -21.00
12.00 2.00 -40.00 -25.00 65.00 36.00 23.00 104.00
18.00 12.00 8.00 1.00 18.00 -14.00 -3.00 -8.00
-5.00 26.00 -2.00 -7.00 -3.00 3.00 1.00 -9.00
5.00 1.00 2.00 -1.00 -6.00 1.00 3.00 0.00
