1.00 1.00 1.00 -4.00 1.00 3.00 2.00 1.00
5.00 1.00 0.00 7.00 2.00 1.00 -1.00 -1.00
-35.00 -8.00 7.00 -1.00 19.00 7.00 1.00 3.00
24.00 2.00 -12.00 -43.00 0.00 -4.00 -3.00 -3.00
-34.00 4.00 11.00 26.00 27.00 16.00 8.00 3.00
-11.00 2.00 -17.00 -4.00 -31.00 -9.00 -2.00 -1.00
-14.00 4.00 -2.00 -3.00 26.00 9.00 3.00 -7.00
21.00 7.00 -11.00 -73.00 -35.00 -4.00 -4.00 -2.00
20.00 -5.00 -6.00 24.00 12.00 -11.00 -9.00 -8.00
-24.00 -2.00 -4.00 29.00 45.00 -3.00 -6.00 -27.00
-6.00 1.00 -10.00 -85.00 18.00 -4.00 0.00 4.00
25.00 4.00 8.00 12.00 -19.00 8.00 4.00 11.00
-16.00 -17.00 -9.00 25.00 25.00 1.00 -1.00 0.00
80.00 -10.00 -2.00 46.00 4.00 0.00 0.00 6.00
-23.00 -3.00 11.00 73.00 -58.00 0.00 0.00 -2.00
-2.00 0.00 5.00 11.00 15.00 -11.00 -3.00 -1.00
1.00 0.00 -6.00 -6.00 50.00 -15.00 -3.00 0.00
-1.00 0.00 0.00 5.00 9.00 8.00 0.00 0.00
-1.00 -1.00 -1.00 -8.00 2.00 10.00 1.00 -2.00
-1.00 -3.00 -5.00 -2.00 -8.00 -3.00 -1.00 -1.00
-2.00 -3.00 0.00 0.00 -1.00 -3.00 -3.00 -2.00
