-1.00 -2.00 2.00 0.00 4.00 -1.00 -3.00 -1.00
-1.00 -1.00 1.00 2.00 6.00 0.00 1.00 1.00
-2.00 -4.00 1.00 4.00 6.00 -4.00 7.00 -1.00
1.00 1.00 -1.00 -6.00 -19.00 -3.00 -1.00 -1.00
0.00 5.00 10.00 1.00 6.00 -3.00 -2.00 -1.00
116.00 14.00 -5.00 40.00 78.00 27.00 16.00 37.00
-86.00 10.00 79.00 95.00 -6.00 -38.00 -6.00 3.00
-95.00 -75.00 -34.00 -48.00 -5.00 -66.00 -77.00 -50.00
-3.00 41.00 102.00 55.00 35.00 5.00 3.00 25.00
10.00 -27.00 -44.00 -76.00 -44.00 -67.00 -23.00 -107.00
57.00 -16.00 20.00 -42.00 -34.00 -45.00 86.00 66.00
62.00 32.00 8.00 -128.00 -39.00 54.00 42.00 44.00
11.00 22.00 -32.00 -76.00 13.00 9.00 -43.00 -48.00
-88.00 -62.00 -29.00 66.00 -75.00 -30.00 -40.00 -49.00
-115.00 2.00 57.00 -41.00 27.00 44.00 36.00 90.00
-8.00 -32.00 -23.00 -53.00 18.00 -28.00 12.00 -37.00
40.00 27.00 10.00 26.00 10.00 -7.00 -2.00 35.00
41.00 45.00 -44.00 -21.00 -45.00 0.00 -4.00 -85.00
63.00 3.00 74.00 126.00 72.00 21.00 32.00 -42.00
-54.00 30.00 -5.00 -25.00 37.00 -78.00 33.00 -64.00
-6.00 -15.00 -42.00 1.00 15.00 49.00 3.00 36.00
20.00 2.00 72.00 19.00 -3.00 23.00 0.00 4.00
1.00 -128.00 3.00 -44.00 -13.00 1.00 -55.00 -1.00
3.00 -33.00 -3.00 -55.00 11.00 -4.00 1.00 17.00
7.00 -12.00 2.00 81.00 3.00 2.00 -12.00 3.00
0.00 0.00 3.00 -1.00 2.00 4.00 -2.00 0.00
1.00 -2.00 -2.00 -7.00 6.00 2.00 -2.00 3.00
1.00 2.00 0.00 13.00 4.00 9.00 1.00 2.00
-1.00 0.00 2.00 -33.00 -3.00 0.00 1.00 -1.00
-1.00 -1.00 -3.00 -53.00 23.00 -1.00 -3.00 -1.00
0.00 -2.00 0.00 20.00 1.00 -3.00 -1.00 -2.00
