1.00 1.00 -3.00 -23.00 3.00 1.00 1.00 0.00
0.00 0.00 3.00 -3.00 4.00 1.00 1.00 -1.00
2.00 3.00 7.00 -1.00 -1.00 -1.00 0.00 2.00
-1.00 -3.00 -1.00 -3.00 7.00 0.00 -1.00 0.00
0.00 -2.00 -6.00 -1.00 5.00 2.00 1.00 -1.00
35.00 5.00 6.00 10.00 6.00 0.00 1.00 -1.00
-12.00 -8.00 5.00 58.00 -18.00 -13.00 -1.00 0.00
18.00 -8.00 -36.00 32.00 -13.00 -26.00 -22.00 0.00
14.00 4.00 12.00 -9.00 -24.00 13.00 10.00 4.00
-80.00 2.00 34.00 8.00 5.00 32.00 16.00 -5.00
13.00 -1.00 -29.00 -114.00 -76.00 -6.00 -11.00 -8.00
-32.00 43.00 18.00 -49.00 43.00 -2.00 0.00 24.00
33.00 63.00 96.00 49.00 -2.00 66.00 34.00 -27.00
-101.00 -43.00 -70.00 -31.00 -94.00 -19.00 -11.00 -29.00
-64.00 5.00 -6.00 -64.00 81.00 -2.00 6.00 24.00
64.00 1.00 -86.00 -11.00 22.00 23.00 43.00 69.00
102.00 52.00 22.00 -16.00 -14.00 6.00 15.00 37.00
-14.00 -15.00 -70.00 -55.00 -45.00 -14.00 -18.00 -35.00
32.00 20.00 -16.00 -28.00 65.00 -9.00 -2.00 67.00
-11.00 -10.00 4.00 -24.00 37.00 2.00 -2.00 -7.00
-7.00 2.00 3.00 -52.00 5.00 17.00 10.00 5.00
-2.00 -7.00 -2.00 -11.00 -10.00 -1.00 -4.00 -4.00
-3.00 -4.00 -4.00 -4.00 3.00 1.00 0.00 -3.00
-3.00 -4.00 -6.00 -10.00 -9.00 -5.00 -8.00 6.00
-3.00 -2.00 -2.00 -22.00 -5.00 -5.00 -6.00 -9.00
0.00 1.00 0.00 -15.00 -2.00 0.00 -2.00 -2.00
-2.00 -2.00 1.00 3.00 2.00 1.00 -5.00 -6.00
0.00 -1.00 -2.00 -5.00 7.00 -6.00 0.00 3.00
0.00 0.00 -2.00 10.00 1.00 -1.00 1.00 2.00
-1.00 -4.00 -2.00 0.00 -6.00 -2.00 1.00 4.00
1.00 1.00 -5.00 -6.00 -1.00 7.00 3.00 7.00
