-1.00 1.00 5.00 1.00 -6.00 -3.00 -2.00 1.00
0.00 -1.00 -1.00 -1.00 5.00 4.00 2.00 -2.00
-10.00 4.00 2.00 8.00 -4.00 -2.00 2.00 8.00
-96.00 -20.00 -33.00 -4.00 -30.00 -10.00 -6.00 -15.00
-53.00 9.00 -21.00 89.00 -1.00 -2.00 -1.00 -26.00
5.00 11.00 4.00 47.00 10.00 15.00 5.00 11.00
43.00 -4.00 99.00 -44.00 -17.00 -8.00 -3.00 4.00
-76.00 -12.00 -18.00 12.00 36.00 7.00 1.00 -11.00
54.00 -7.00 -20.00 41.00 -40.00 9.00 4.00 20.00
50.00 2.00 -4.00 -97.00 -15.00 -1.00 2.00 9.00
-4.00 6.00 -15.00 68.00 96.00 9.00 -2.00 -26.00
-51.00 3.00 30.00 87.00 33.00 16.00 1.00 -44.00
-98.00 9.00 -12.00 44.00 17.00 -21.00 -8.00 -26.00
-60.00 -5.00 -13.00 10.00 -13.00 2.00 0.00 -44.00
127.00 2.00 13.00 78.00 46.00 -13.00 -6.00 34.00
26.00 21.00 -7.00 8.00 3.00 11.00 7.00 0.00
47.00 20.00 -8.00 -33.00 -32.00 10.00 4.00 -30.00
25.00 -5.00 3.00 -9.00 -8.00 -8.00 -3.00 4.00
6.00 2.00 1.00 -6.00 -6.00 -4.00 -3.00 -12.00
16.00 -1.00 2.00 -4.00 10.00 -10.00 -3.00 13.00
19.00 4.00 -1.00 -12.00 -3.00 5.00 6.00 -3.00
-1.00 -2.00 6.00 -34.00 -30.00 -5.00 0.00 -5.00
3.00 -1.00 5.00 15.00 -10.00 -7.00 -1.00 2.00
-1.00 1.00 1.00 3.00 6.00 4.00 0.00 0.00
0.00 1.00 -2.00 9.00 -30.00 20.00 3.00 -2.00
-1.00 0.00 -1.00 -5.00 -5.00 -5.00 -1.00 2.00
1.00 1.00 1.00 7.00 15.00 1.00 -1.00 0.00
2.00 -1.00 -5.00 -15.00 -10.00 -3.00 -1.00 3.00
-3.00 -2.00 -2.00 15.00 -1.00 -1.00 0.00 -2.00
-1.00 -1.00 -2.00 -5.00 4.00 1.00 -2.00 0.00
-1.00 0.00 1.00 2.00 1.00 2.00 2.00 -2.00
-1.00 -1.00 1.00 35.00 6.00 -5.00 -2.00 -2.00
-1.00 0.00 -2.00 -5.00 -3.00 -3.00 -1.00 1.00
1.00 0.00 0.00 -12.00 -5.00 2.00 -1.00 0.00
-2.00 -4.00 -3.00 0.00 1.00 -4.00 -1.00 -3.00
-2.00 0.00 0.00 18.00 -2.00 -4.00 -1.00 0.00
