-2.00 -2.00 -3.00 1.00 -4.00 -5.00 -1.00 -3.00
1.00 2.00 0.00 0.00 6.00 2.00 2.00 0.00
1.00 -2.00 2.00 -3.00 0.00 -1.00 0.00 1.00
-1.00 -1.00 -2.00 -1.00 8.00 1.00 -1.00 0.00
-1.00 1.00 -1.00 -2.00 5.00 0.00 0.00 -1.00
0.00 -1.00 -1.00 1.00 3.00 2.00 1.00 -1.00
-88.00 -38.00 3.00 -49.00 14.00 7.00 5.00 -3.00
27.00 4.00 -14.00 92.00 17.00 -5.00 -2.00 2.00
10.00 5.00 -10.00 27.00 8.00 2.00 2.00 -3.00
-75.00 -31.00 -20.00 -128.00 -2.00 7.00 -8.00 20.00
33.00 11.00 15.00 -96.00 38.00 5.00 5.00 -10.00
92.00 -16.00 -42.00 24.00 45.00 13.00 -12.00 -24.00
-79.00 36.00 82.00 127.00 114.00 -5.00 23.00 10.00
-38.00 -42.00 -50.00 -19.00 -95.00 -52.00 -30.00 -58.00
-86.00 -8.00 10.00 -23.00 -30.00 -24.00 -4.00 -20.00
77.00 28.00 51.00 67.00 52.00 57.00 33.00 52.00
-23.00 5.00 19.00 2.00 5.00 -6.00 -1.00 -21.00
-5.00 2.00 6.00 -2.00 -46.00 -29.00 -3.00 13.00
-1.00 -4.00 0.00 -1.00 7.00 -2.00 -4.00 -6.00
-1.00 -1.00 3.00 0.00 -3.00 0.00 2.00 13.00
-3.00 -1.00 -4.00 -31.00 -3.00 -7.00 -4.00 -6.00
-1.00 -5.00 -4.00 15.00 0.00 -4.00 -2.00 -5.00
-1.00 0.00 -1.00 13.00 9.00 4.00 0.00 -2.00
-2.00 -2.00 -5.00 -11.00 0.00 -5.00 -2.00 1.00
0.00 -1.00 -6.00 -20.00 0.00 -2.00 -2.00 -3.00
-1.00 -3.00 -5.00 -45.00 -11.00 -2.00 -2.00 -2.00
-1.00 1.00 2.00 -1.00 -3.00 0.00 -2.00 -2.00
-2.00 -1.00 -1.00 8.00 -3.00 -3.00 -1.00 0.00
-2.00 -3.00 -5.00 -26.00 -5.00 -2.00 -1.00 -1.00
0.00 1.00 -1.00 15.00 2.00 -2.00 1.00 0.00
-1.00 -3.00 1.00 -2.00 1.00 -1.00 1.00 -1.00
