-1.00 -1.00 1.00 2.00 11.00 1.00 0.00 -1.00
-14.00 -1.00 -4.00 -6.00 -13.00 -1.00 -1.00 1.00
-9.00 8.00 -4.00 5.00 32.00 7.00 5.00 1.00
-33.00 18.00 27.00 60.00 -3.00 2.00 2.00 2.00
-53.00 7.00 26.00 122.00 -15.00 -19.00 -18.00 -106.00
127.00 10.00 12.00 37.00 22.00 4.00 -7.00 -15.00
64.00 38.00 26.00 -36.00 -7.00 -1.00 18.00 3.00
-108.00 -3.00 47.00 100.00 30.00 9.00 10.00 16.00
-7.00 -8.00 -11.00 -50.00 -28.00 8.00 7.00 2.00
47.00 -2.00 9.00 -88.00 -53.00 -11.00 -4.00 1.00
-55.00 -25.00 -27.00 70.00 -70.00 -32.00 -10.00 -33.00
126.00 24.00 38.00 -42.00 31.00 14.00 -1.00 -36.00
103.00 9.00 5.00 -25.00 -18.00 -17.00 -1.00 -3.00
53.00 19.00 -22.00 84.00 27.00 -7.00 -10.00 -59.00
-117.00 -11.00 31.00 -70.00 43.00 -18.00 7.00 -22.00
-40.00 27.00 39.00 -31.00 24.00 34.00 15.00 -31.00
46.00 -5.00 -35.00 82.00 -65.00 -15.00 -13.00 16.00
-15.00 10.00 2.00 -22.00 -8.00 -12.00 -6.00 -11.00
-16.00 -8.00 -7.00 5.00 -4.00 -11.00 -5.00 -1.00
-1.00 -4.00 -5.00 2.00 7.00 4.00 -2.00 -1.00
-4.00 -3.00 -5.00 2.00 5.00 -5.00 -2.00 -2.00
