1.00 0.00 -1.00 -3.00 -13.00 -3.00 -1.00 0.00
1.00 -1.00 0.00 2.00 18.00 -2.00 2.00 -1.00
-1.00 1.00 0.00 1.00 17.00 0.00 1.00 -1.00
-1.00 -2.00 0.00 -4.00 -14.00 3.00 -3.00 -1.00
-1.00 1.00 -1.00 -1.00 5.00 0.00 0.00 -2.00
4.00 -1.00 0.00 -39.00 -15.00 -1.00 4.00 1.00
34.00 9.00 1.00 -63.00 7.00 3.00 2.00 -4.00
-125.00 -19.00 3.00 -59.00 -16.00 3.00 1.00 16.00
14.00 -9.00 39.00 127.00 28.00 -43.00 -20.00 -57.00
112.00 14.00 -23.00 74.00 56.00 -8.00 -3.00 -4.00
-35.00 5.00 -41.00 -128.00 -43.00 -5.00 -5.00 -33.00
-21.00 46.00 -23.00 -66.00 -114.00 -11.00 2.00 15.00
-2.00 -12.00 -6.00 -3.00 60.00 -13.00 -13.00 25.00
-68.00 -10.00 37.00 -27.00 33.00 -16.00 -3.00 -11.00
-29.00 21.00 22.00 -43.00 74.00 -13.00 12.00 43.00
46.00 12.00 49.00 107.00 14.00 12.00 4.00 7.00
21.00 1.00 39.00 98.00 -63.00 20.00 5.00 13.00
-18.00 17.00 2.00 116.00 -2.00 -15.00 -8.00 -30.00
20.00 -10.00 77.00 -40.00 -13.00 -3.00 7.00 -6.00
-11.00 7.00 -19.00 -64.00 -52.00 -11.00 -14.00 49.00
-11.00 -45.00 -36.00 11.00 39.00 16.00 19.00 37.00
43.00 -12.00 -9.00 -24.00 38.00 -27.00 -7.00 51.00
18.00 8.00 13.00 48.00 29.00 8.00 2.00 5.00
-9.00 5.00 -3.00 1.00 -3.00 -8.00 1.00 -23.00
3.00 -1.00 -2.00 -26.00 -7.00 -10.00 -5.00 -2.00
-2.00 -2.00 -3.00 79.00 8.00 -6.00 -1.00 -5.00
0.00 -1.00 1.00 2.00 11.00 -2.00 -1.00 -1.00
-1.00 1.00 -1.00 6.00 7.00 -5.00 -1.00 -3.00
1.00 0.00 -2.00 -4.00 0.00 -2.00 -1.00 0.00
-2.00 -3.00 0.00 -10.00 3.00 -4.00 2.00 0.00
-1.00 0.00 0.00 10.00 -1.00 -2.00 -1.00 0.00
