0.00 -3.00 -6.00 0.00 -8.00 -7.00 3.00 -2.00
-1.00 0.00 1.00 -7.00 -1.00 0.00 0.00 2.00
1.00 0.00 3.00 -2.00 -2.00 0.00 -3.00 -2.00
0.00 -1.00 1.00 0.00 -4.00 -1.00 -3.00 -2.00
-2.00 -2.00 -1.00 -8.00 -5.00 -1.00 1.00 0.00
1.00 -1.00 2.00 4.00 10.00 2.00 2.00 0.00
-10.00 0.00 3.00 9.00 5.00 3.00 1.00 0.00
-17.00 -1.00 -5.00 10.00 14.00 2.00 2.00 0.00
-15.00 14.00 -3.00 -128.00 -15.00 -1.00 0.00 -5.00
-7.00 -2.00 -10.00 15.00 -31.00 -11.00 -7.00 -7.00
72.00 -17.00 1.00 -14.00 4.00 1.00 1.00 10.00
-25.00 4.00 4.00 -11.00 -59.00 -5.00 -4.00 -1.00
-59.00 14.00 7.00 4.00 24.00 13.00 6.00 -5.00
-8.00 -17.00 -4.00 32.00 30.00 -4.00 0.00 -4.00
29.00 -1.00 10.00 -50.00 11.00 3.00 2.00 -1.00
-14.00 -3.00 -17.00 -2.00 18.00 -8.00 1.00 -3.00
-11.00 -1.00 0.00 5.00 8.00 4.00 -4.00 -1.00
0.00 -2.00 -2.00 7.00 -7.00 -1.00 -1.00 0.00
1.00 1.00 -3.00 -14.00 -7.00 2.00 6.00 2.00
-1.00 0.00 0.00 3.00 -30.00 4.00 3.00 2.00
-1.00 -9.00 -5.00 -11.00 -30.00 7.00 2.00 -1.00
0.00 -1.00 -2.00 3.00 -9.00 -6.00 -2.00 0.00
-1.00 1.00 2.00 9.00 11.00 4.00 -1.00 0.00
-1.00 -1.00 5.00 1.00 -11.00 2.00 9.00 1.00
1.00 -1.00 1.00 9.00 -9.00 -3.00 0.00 -1.00
2.00 0.00 2.00 8.00 5.00 -1.00 -3.00 0.00
