-3.00 -1.00 1.00 2.00 2.00 -4.00 -3.00 -3.00
-4.00 2.00 1.00 -6.00 -2.00 -1.00 1.00 2.00
-11.00 -1.00 12.00 17.00 21.00 5.00 10.00 -10.00
12.00 -18.00 -17.00 94.00 -13.00 -23.00 -12.00 -4.00
15.00 20.00 9.00 -54.00 -15.00 5.00 3.00 1.00
-32.00 -10.00 -10.00 -71.00 -8.00 -1.00 -1.00 -11.00
-80.00 -30.00 -16.00 -1.00 7.00 -8.00 -6.00 -10.00
8.00 10.00 9.00 -84.00 1.00 4.00 3.00 7.00
14.00 -4.00 -1.00 36.00 -9.00 -4.00 -1.00 1.00
13.00 8.00 -5.00 -55.00 -41.00 -5.00 -2.00 2.00
-5.00 -1.00 -2.00 51.00 4.00 7.00 1.00 1.00
-77.00 -5.00 2.00 17.00 -17.00 5.00 2.00 -1.00
-13.00 -12.00 -1.00 18.00 17.00 -3.00 0.00 2.00
-1.00 -4.00 3.00 33.00 14.00 4.00 1.00 2.00
3.00 -1.00 -5.00 -22.00 13.00 0.00 1.00 1.00
-11.00 -5.00 -4.00 -27.00 -108.00 -5.00 -1.00 -3.00
-2.00 -5.00 5.00 9.00 12.00 -10.00 -1.00 -2.00
1.00 0.00 -4.00 42.00 -7.00 -6.00 -4.00 -2.00
-2.00 -2.00 -4.00 -18.00 -2.00 -4.00 -2.00 0.00
-1.00 -2.00 -2.00 21.00 15.00 -4.00 -2.00 0.00
-2.00 -1.00 1.00 14.00 0.00 -1.00 -1.00 0.00
-2.00 0.00 1.00 5.00 3.00 2.00 -1.00 0.00
-2.00 0.00 -3.00 -1.00 7.00 5.00 -1.00 -1.00
-2.00 -3.00 -5.00 -2.00 -3.00 -3.00 -2.00 -8.00
-1.00 -2.00 3.00 32.00 -16.00 -6.00 -2.00 -1.00
-2.00 -2.00 -2.00 10.00 5.00 -1.00 -1.00 -1.00
-1.00 -1.00 0.00 8.00 3.00 -1.00 -1.00 1.00
-3.00 -1.00 -2.00 5.00 -2.00 -2.00 -2.00 -2.00
0.00 -2.00 -1.00 -12.00 0.00 -2.00 0.00 -3.00
-1.00 -1.00 -3.00 8.00 11.00 4.00 2.00 0.00
-3.00 -3.00 -2.00 1.00 1.00 -2.00 -1.00 -2.00
1.00 2.00 -1.00 -9.00 2.00 0.00 0.00 1.00
0.00 -2.00 3.00 16.00 1.00 -2.00 -4.00 -1.00
-2.00 -4.00 -1.00 7.00 5.00 0.00 2.00 -2.00
1.00 -2.00 0.00 -2.00 1.00 0.00 2.00 0.00
-1.00 2.00 1.00 -9.00 -5.00 -2.00 -1.00 0.00
-2.00 -1.00 -4.00 -20.00 -4.00 -3.00 -2.00 1.00
1.00 1.00 0.00 14.00 3.00 3.00 2.00 1.00
2.00 3.00 -11.00 1.00 3.00 4.00 2.00 1.00
-1.00 0.00 -2.00 -5.00 -2.00 3.00 1.00 1.00
-2.00 1.00 1.00 -6.00 -3.00 0.00 -1.00 0.00
