-1.00 1.00 1.00 1.00 4.00 -1.00 1.00 0.00
-2.00 0.00 -2.00 -8.00 -4.00 -1.00 -1.00 0.00
0.00 0.00 -1.00 -18.00 -2.00 -2.00 0.00 1.00
-1.00 -1.00 -1.00 2.00 1.00 -2.00 0.00 0.00
0.00 0.00 0.00 4.00 -1.00 1.00 -2.00 -1.00
-2.00 -1.00 -5.00 -8.00 -1.00 -1.00 -1.00 -1.00
-1.00 -1.00 -1.00 3.00 -1.00 -2.00 1.00 0.00
-2.00 -2.00 -2.00 -1.00 -1.00 0.00 -2.00 0.00
0.00 -1.00 -1.00 3.00 0.00 -2.00 -1.00 -3.00
0.00 -1.00 1.00 15.00 0.00 2.00 1.00 -1.00
-1.00 -1.00 0.00 1.00 0.00 -1.00 -1.00 -3.00
-1.00 -2.00 -3.00 7.00 -1.00 -1.00 -1.00 1.00
1.00 -2.00 0.00 -8.00 0.00 -2.00 -1.00 0.00
-1.00 -1.00 -2.00 -7.00 2.00 2.00 0.00 -1.00
0.00 0.00 2.00 3.00 0.00 2.00 0.00 -1.00
0.00 0.00 2.00 7.00 -3.00 3.00 -1.00 -1.00
-1.00 -2.00 -3.00 -7.00 -1.00 -1.00 0.00 -1.00
-1.00 -2.00 3.00 17.00 -2.00 0.00 0.00 1.00
0.00 0.00 -2.00 -12.00 -5.00 -2.00 -3.00 -3.00
0.00 -1.00 1.00 6.00 -4.00 1.00 -2.00 1.00
1.00 1.00 3.00 8.00 7.00 4.00 0.00 0.00
-2.00 -1.00 -3.00 -27.00 -1.00 -2.00 -2.00 -2.00
18.00 -2.00 -1.00 3.00 -7.00 -5.00 -4.00 -6.00
17.00 -1.00 -3.00 -21.00 -15.00 1.00 0.00 1.00
0.00 -2.00 -11.00 -87.00 -64.00 -5.00 -2.00 -4.00
-8.00 -1.00 -1.00 -17.00 21.00 2.00 0.00 -2.00
5.00 -3.00 -6.00 8.00 33.00 -8.00 -4.00 0.00
22.00 1.00 -6.00 87.00 -38.00 -10.00 -8.00 -4.00
-3.00 -13.00 -1.00 4.00 6.00 1.00 -1.00 0.00
-34.00 7.00 2.00 -69.00 -14.00 -2.00 1.00 -2.00
3.00 10.00 6.00 25.00 2.00 -2.00 -2.00 -2.00
10.00 -5.00 -12.00 -101.00 -44.00 -1.00 4.00 1.00
11.00 0.00 -4.00 31.00 4.00 -2.00 -1.00 -1.00
2.00 5.00 5.00 19.00 15.00 -2.00 0.00 0.00
6.00 1.00 0.00 39.00 32.00 -2.00 0.00 0.00
5.00 -2.00 1.00 -43.00 13.00 -1.00 -3.00 -1.00
7.00 5.00 3.00 11.00 -11.00 2.00 1.00 0.00
-19.00 10.00 -9.00 21.00 -9.00 -10.00 -6.00 -7.00
3.00 -3.00 5.00 -19.00 -28.00 -4.00 -1.00 1.00
10.00 0.00 1.00 -9.00 4.00 2.00 2.00 -1.00
-3.00 -4.00 -1.00 6.00 4.00 -4.00 -1.00 -4.00
4.00 2.00 -1.00 -19.00 2.00 -1.00 -1.00 1.00
1.00 3.00 3.00 30.00 16.00 -4.00 1.00 2.00
-4.00 -5.00 -6.00 -7.00 4.00 -3.00 -4.00 -4.00
3.00 -3.00 -8.00 -6.00 -1.00 8.00 2.00 0.00
5.00 0.00 1.00 1.00 30.00 2.00 -1.00 -1.00
-1.00 -1.00 -4.00 -3.00 -1.00 1.00 -2.00 0.00
0.00 0.00 6.00 -2.00 9.00 -3.00 -1.00 0.00
-1.00 -3.00 -4.00 2.00 -10.00 -3.00 -2.00 0.00
0.00 3.00 3.00 4.00 7.00 -5.00 -1.00 -1.00
-1.00 0.00 0.00 -4.00 -13.00 -3.00 -1.00 -1.00
0.00 0.00 5.00 -5.00 3.00 -3.00 -1.00 0.00
-1.00 -1.00 -1.00 -3.00 3.00 2.00 2.00 -1.00
-2.00 0.00 0.00 7.00 6.00 1.00 -1.00 0.00
1.00 0.00 1.00 -4.00 1.00 -1.00 -1.00 0.00
-3.00 -1.00 1.00 -9.00 -8.00 -3.00 -1.00 0.00
0.00 -2.00 2.00 15.00 -2.00 0.00 -3.00 -2.00
-1.00 -1.00 2.00 6.00 9.00 -1.00 0.00 1.00
0.00 1.00 1.00 2.00 -3.00 2.00 0.00 1.00
-2.00 1.00 -1.00 13.00 -2.00 0.00 -1.00 -1.00
1.00 0.00 -2.00 -5.00 1.00 -2.00 -1.00 -1.00
