0.00 0.00 2.00 1.00 0.00 0.00 -1.00 -1.00
-1.00 -2.00 -1.00 -1.00 7.00 2.00 -1.00 -1.00
-1.00 0.00 -2.00 -1.00 -5.00 -2.00 -1.00 -1.00
-1.00 -3.00 1.00 1.00 13.00 4.00 1.00 -3.00
-68.00 24.00 52.00 80.00 3.00 2.00 5.00 -1.00
-99.00 -9.00 15.00 85.00 78.00 25.00 15.00 -31.00
127.00 27.00 22.00 -26.00 -28.00 -21.00 20.00 26.00
-114.00 -12.00 -28.00 -92.00 44.00 -2.00 -16.00 -101.00
18.00 6.00 87.00 -43.00 -18.00 9.00 43.00 2.00
-101.00 -50.00 -59.00 -126.00 26.00 -32.00 -32.00 -28.00
-49.00 -18.00 -6.00 63.00 -91.00 -40.00 -22.00 -20.00
83.00 39.00 -50.00 64.00 55.00 -26.00 -66.00 -27.00
92.00 -16.00 5.00 -90.00 -113.00 -9.00 4.00 31.00
59.00 -68.00 54.00 79.00 62.00 1.00 14.00 37.00
24.00 77.00 -24.00 -38.00 78.00 10.00 73.00 -11.00
-61.00 -1.00 -56.00 -107.00 -79.00 9.00 2.00 20.00
16.00 -42.00 -65.00 -9.00 -84.00 -27.00 19.00 -127.00
18.00 15.00 -21.00 -41.00 -45.00 4.00 -9.00 10.00
6.00 -31.00 -14.00 -65.00 -31.00 21.00 83.00 -3.00
94.00 0.00 28.00 -45.00 -75.00 24.00 29.00 46.00
-112.00 -21.00 -6.00 122.00 85.00 47.00 -19.00 12.00
53.00 31.00 87.00 -25.00 17.00 -1.00 14.00 -7.00
-86.00 11.00 11.00 85.00 19.00 -2.00 12.00 -106.00
95.00 6.00 -27.00 -37.00 -7.00 -27.00 6.00 81.00
-108.00 -41.00 -55.00 9.00 28.00 4.00 17.00 11.00
-98.00 -31.00 10.00 67.00 -92.00 26.00 -9.00 -16.00
-17.00 -21.00 -65.00 13.00 -33.00 -32.00 -17.00 -52.00
5.00 127.00 -23.00 -3.00 -45.00 10.00 0.00 8.00
3.00 -9.00 -7.00 -30.00 -22.00 1.00 -4.00 4.00
0.00 7.00 -5.00 92.00 -11.00 -13.00 -4.00 1.00
-1.00 2.00 -3.00 31.00 11.00 -2.00 -1.00 1.00
0.00 5.00 1.00 -17.00 12.00 -2.00 0.00 0.00
1.00 1.00 -2.00 4.00 -5.00 -2.00 -1.00 2.00
-1.00 3.00 -2.00 -17.00 -4.00 -2.00 -2.00 -1.00
0.00 3.00 -1.00 7.00 -3.00 -1.00 0.00 3.00
-1.00 1.00 -1.00 -4.00 -7.00 0.00 0.00 -3.00
