-2.00 0.00 3.00 2.00 -1.00 -1.00 2.00 -1.00
-2.00 -3.00 -7.00 7.00 0.00 1.00 0.00 -2.00
0.00 -1.00 -1.00 14.00 -5.00 -1.00 0.00 -1.00
7.00 2.00 2.00 -30.00 -14.00 1.00 -3.00 2.00
8.00 0.00 -1.00 -44.00 9.00 -1.00 -3.00 -7.00
-23.00 -2.00 0.00 43.00 14.00 -1.00 -5.00 10.00
2.00 1.00 -2.00 -22.00 2.00 -6.00 -11.00 -2.00
5.00 8.00 3.00 25.00 6.00 6.00 1.00 10.00
-9.00 -2.00 -3.00 -22.00 21.00 1.00 -2.00 -2.00
5.00 5.00 1.00 -11.00 -28.00 0.00 -3.00 0.00
14.00 -11.00 -12.00 -83.00 8.00 -3.00 -5.00 -3.00
-1.00 3.00 6.00 49.00 -10.00 3.00 5.00 0.00
0.00 -5.00 -8.00 -71.00 -11.00 -14.00 -10.00 -3.00
0.00 2.00 5.00 35.00 11.00 4.00 2.00 3.00
-11.00 5.00 8.00 50.00 0.00 3.00 2.00 4.00
-5.00 3.00 -1.00 -17.00 -2.00 -2.00 1.00 0.00
10.00 3.00 1.00 21.00 -19.00 6.00 5.00 6.00
1.00 -2.00 1.00 -7.00 3.00 -3.00 -4.00 10.00
-11.00 -2.00 -7.00 6.00 -5.00 0.00 0.00 -3.00
-9.00 -14.00 -3.00 -31.00 0.00 -1.00 -7.00 -13.00
9.00 0.00 -5.00 -24.00 3.00 -2.00 -1.00 -1.00
-3.00 -3.00 3.00 41.00 -10.00 0.00 2.00 4.00
-19.00 -14.00 -2.00 13.00 -3.00 -4.00 -2.00 2.00
26.00 4.00 1.00 19.00 15.00 -7.00 1.00 6.00
-2.00 1.00 -6.00 -49.00 -22.00 0.00 0.00 0.00
-39.00 -11.00 5.00 17.00 11.00 -1.00 -2.00 1.00
0.00 -1.00 -2.00 2.00 21.00 -4.00 -2.00 -2.00
-1.00 -7.00 -9.00 -45.00 -7.00 1.00 0.00 -5.00
-1.00 0.00 2.00 -11.00 -8.00 5.00 2.00 2.00
0.00 2.00 -2.00 -17.00 3.00 7.00 2.00 0.00
1.00 1.00 0.00 24.00 25.00 -8.00 0.00 4.00
2.00 -1.00 -6.00 -15.00 22.00 11.00 4.00 1.00
1.00 -1.00 0.00 -5.00 -5.00 -2.00 -3.00 0.00
1.00 1.00 2.00 -5.00 -2.00 1.00 -1.00 -1.00
0.00 -1.00 0.00 -9.00 6.00 0.00 -1.00 -1.00
0.00 0.00 6.00 -12.00 2.00 -2.00 -1.00 0.00
2.00 0.00 0.00 4.00 5.00 -7.00 -2.00 -2.00
-2.00 -3.00 0.00 35.00 4.00 2.00 -1.00 -3.00
-1.00 -4.00 -4.00 3.00 1.00 -1.00 -1.00 0.00
0.00 1.00 0.00 -19.00 6.00 1.00 0.00 1.00
0.00 -2.00 -1.00 6.00 -4.00 -1.00 -1.00 0.00
-2.00 0.00 3.00 -3.00 -7.00 -1.00 1.00 0.00
-1.00 0.00 -2.00 -3.00 0.00 -2.00 2.00 1.00
0.00 -3.00 1.00 -5.00 1.00 -2.00 -1.00 -2.00
-4.00 -2.00 -7.00 28.00 1.00 -2.00 -2.00 -1.00
-1.00 -2.00 -1.00 26.00 3.00 -1.00 -1.00 -1.00
1.00 0.00 2.00 -7.00 -2.00 -1.00 0.00 -1.00
0.00 -1.00 -2.00 9.00 6.00 0.00 0.00 0.00
-2.00 -1.00 -2.00 2.00 2.00 -3.00 -2.00 -2.00
1.00 -2.00 1.00 -32.00 -1.00 1.00 -1.00 -1.00
1.00 0.00 1.00 15.00 5.00 1.00 0.00 1.00
-1.00 -1.00 -3.00 -2.00 -8.00 2.00 0.00 -1.00
0.00 0.00 0.00 1.00 -8.00 1.00 -1.00 0.00
0.00 -1.00 0.00 9.00 2.00 -2.00 0.00 0.00
-1.00 3.00 4.00 -2.00 2.00 -2.00 -1.00 -1.00
-1.00 -1.00 -1.00 -6.00 -3.00 0.00 0.00 -1.00
1.00 0.00 -3.00 19.00 4.00 -1.00 0.00 -2.00
-2.00 -3.00 -2.00 -9.00 -11.00 -1.00 -1.00 -3.00
0.00 -1.00 -3.00 -3.00 5.00 1.00 -1.00 0.00
0.00 -1.00 0.00 7.00 0.00 1.00 -1.00 1.00
0.00 -3.00 0.00 -11.00 -4.00 0.00 -1.00 0.00
